#1
float tab1(673,9)
0.0 -3.9430501302083107 0.0 0.0 0.0 0.0 13.645621522267659 0.0 13.645621522267659
900.0 -3.9967285156249774 0.0 0.0 0.0 0.0 43.54709320068359 0.0 43.54709320068359
1800.0 -3.9949544270833104 0.0 0.0 0.0 0.0 90.98630218505859 0.0 90.98630218505859
2700.0 -3.943764241536435 0.0 0.0 0.0 0.0 120.57457427978515 0.0 120.57457427978515
3600.0 -3.823561604817685 0.0 0.0 0.0 0.0 146.25137888590496 0.0 146.25137888590496
4500.0 -3.5670715332031024 0.0 0.0 0.0 0.0 162.59955342610678 12.206929461161296 174.8064828872681
5400.0 -3.2639770507812274 0.0 0.0 0.0 0.0 177.90206502278645 25.942454020182293 203.84451904296873
6300.0 -3.046856689453102 0.0 0.0 0.0 0.0 190.23921712239584 37.125637435913085 227.36485455830893
7200.0 -3.0071797688801856 0.0 0.0 0.0 0.0 211.6743194580078 53.86783396402995 265.54215342203776
8100.0 -3.0503479003906024 0.0 0.0 0.0 0.0 239.7217569986979 75.02852172851563 314.7502787272135
9000.0 -3.129777018229144 0.0 0.0 0.0 0.0 276.1424540201823 101.23895721435547 377.3814112345378
9900.0 -3.236075846354144 0.0 0.0 0.0 0.0 307.37640584309895 122.8289087931315 430.20531463623047
10800.0 -3.368680826822894 0.0 0.0 0.0 0.0 323.0564717610677 134.17488606770834 457.231357828776
11700.0 -3.5438435872395604 0.0 0.0 0.0 0.0 310.1775227864583 127.32393646240234 437.50145924886067
12600.0 -3.72462972005206 0.0 0.0 0.0 0.0 289.9398600260417 116.0987787882487 406.0386388142904
13500.0 -3.85948079427081 0.0 0.0 0.0 0.0 277.89259643554686 110.01134440104167 387.9039408365885
14400.0 -3.911051432291644 0.0 0.0 0.0 0.0 292.5489013671875 119.27752532958985 411.8264266967774
15300.0 -3.914105224609352 0.0 0.0 0.0 0.0 317.65334269205727 135.1872985839844 452.84064127604165
16200.0 -3.901357014973935 13.895880762736002 0.0 0.0 44.95757548014323 347.90534057617185 154.34972432454427 561.1085211435953
17100.0 -3.894903564453102 35.01767819722493 0.0 0.0 78.89739379882812 372.5335713704427 170.1667053222656 656.6153486887613
18000.0 -3.912023925781227 45.73658930460612 0.0 0.0 96.28414408365886 382.3582316080729 177.3067860921224 701.6857510884603
18900.0 -3.9431009928385183 56.340047200520836 0.0 5.137197271982829 111.79863128662109 391.9956563313802 184.12873433430988 749.4002664248148
19800.0 -3.9745157877603936 67.97340469360351 0.0 26.93679364522298 128.65073852539064 402.74835408528645 191.66890869140624 817.9781996409098
20700.0 -3.9955851236978934 76.59942677815755 0.0 41.87397715250651 140.52741394042968 410.6643330891927 197.4458984375 867.1110493977865
21600.0 -4.000006103515602 75.63864186604818 0.0 42.38652089436849 137.00320739746093 405.7655802408854 196.0472442626953 856.8411946614583
22500.0 -4.000006103515602 79.25452473958333 0.0 49.42252248128255 140.9350809733073 407.4387959798177 197.85420633951824 874.9051305135091
23400.0 -4.000006103515602 84.04729766845703 0.0 58.69065475463867 146.70262552897137 410.5851582845052 200.60855102539062 900.634287261963
24300.0 -4.000006103515602 86.96398620605468 0.0 63.894510904947914 149.04096069335938 411.7798136393229 202.03284912109376 913.7121205647786
25200.0 -4.000006103515602 92.42638346354167 0.0 71.6833117167155 154.01273396809896 412.7063700358073 204.0505594889323 934.8793586730958
26100.0 -4.000006103515602 75.0806645711263 0.0 70.60306549072266 150.39702962239582 353.6755839029948 183.2666259765625 833.0229695638021
27000.0 -4.000006103515602 36.63369849522908 0.0 70.93976236979167 147.7273417154948 245.04750061035156 144.6483123779297 644.9966155687969
27900.0 -4.000006103515602 8.432902018229166 0.0 69.51739451090495 143.51622009277344 163.80258433024088 117.83875172932943 503.1078526814778
28800.0 -3.972475179036435 0.0 0.0 72.16909891764323 142.4210652669271 75.55371309916178 88.35205637613932 378.4959336598714
29700.0 -3.82327473958331 0.0 0.0 67.93853200276693 134.36999003092447 11.85008036295573 62.6778205871582 276.83642298380533
30600.0 -3.598234049479144 0.0 0.0 62.40949172973633 124.12200826009115 0.0 49.89918467203776 236.43068466186523
31500.0 -3.3848632812499773 0.0 0.0 56.68388010660807 114.36810760498047 0.0 46.83134180704753 217.88332951863606
32400.0 -3.2538167317708107 0.0 0.0 76.74781010945638 129.75616048177082 0.0 55.57911732991536 262.0830879211426
33300.0 -3.180371093749977 0.0 0.0 75.83853556315104 125.53287455240886 0.0 59.75170211791992 261.12311223347984
34200.0 -3.123588053385394 0.0 0.0 74.05755259195963 120.44540049235026 0.0 63.93915049235026 258.44210357666014
35100.0 -3.0522237141926856 0.0 0.0 71.61606190999349 115.61541493733723 0.0 67.61715749104818 254.8486343383789
36000.0 -2.9280029296874774 0.0 0.0 76.109716796875 117.56366170247396 9.901076443990071 74.69226684570313 278.2667217890422
36900.0 -2.7202819824218523 0.0 0.0 73.6331802368164 113.19669240315756 24.568489456176756 77.14480285644531 288.54316495259604
37800.0 -2.4800679524739357 0.0 0.0 71.03895161946615 108.84429677327473 36.403547286987305 79.39533945719401 295.68213513692217
38700.0 -2.2760986328124773 0.0 0.0 68.32862904866536 104.96228942871093 49.5058339436849 81.51279195149739 304.3095443725586
39600.0 -2.171744791666644 0.0 0.0 69.60483144124349 105.58201853434245 63.820579274495444 85.8753672281901 324.8827964782715
40500.0 -2.1690755208333106 0.0 0.0 82.28350270589193 119.42916310628256 84.06456400553385 95.17028554280598 380.94751536051433
41400.0 -2.207562255859352 0.0 1.732476043701172 102.5948720296224 141.88634541829427 86.18397776285808 106.20279846191406 438.60046971638997
42300.0 -2.220853678385394 0.0 9.541392612457276 118.961599222819 159.99549255371093 83.2401138305664 114.9799311319987 486.7185293515523
43200.0 -2.153678385416644 0.0 11.878678703308106 121.95948181152343 162.77924499511718 61.21811141967773 115.78428904215495 473.61980597178143
44100.0 -2.0229003906249776 0.0 10.91466604868571 113.78873799641927 153.1730194091797 30.595233917236328 110.38724110921224 418.8588984807333
45000.0 -1.8736022949218525 0.0 8.897163645426433 102.49310099283854 140.0549062093099 20.833019638061522 105.05463358561198 377.3328240712484
45900.0 -1.7472656249999772 0.0 7.097156556447347 93.38979797363281 129.5792221069336 28.551202646891277 101.77867635091145 360.3960556348165
46800.0 -1.6755330403645605 0.0 0.4381573994954427 65.77878367106119 100.32975107828776 51.73641611735026 99.78025716145834 318.06336542765297
47700.0 -1.643241373697894 0.0 0.0 60.309139251708984 95.73638051350912 81.84149678548177 101.05678761800131 338.94380416870115
48600.0 -1.6421997070312273 0.0 0.0 58.96362024943034 94.83125864664713 91.03509572347005 103.15880940755208 347.9887840270996
49500.0 -1.6724080403645607 0.0 0.0 60.74136250813802 97.20516103108724 86.37786966959635 105.65204213460287 349.9764353434245
50400.0 -1.7454121907551858 0.0 0.0 66.78620122273763 104.30859120686848 87.04661509195964 110.21741180419922 368.35881932576496
51300.0 -1.8900472005208109 0.0 0.174137020111084 82.52128753662109 122.36085255940755 95.66961263020833 119.6300760904948 420.35596583684287
52200.0 -2.056557210286436 0.0 7.819052600860596 101.89968719482422 144.6126495361328 123.4953379313151 131.62325032552084 509.4499775886536
53100.0 -2.1746297200520606 0.0 11.455329895019531 114.79630177815756 159.4660410563151 152.33232625325522 140.40459391276042 578.4545928955079
54000.0 -2.1999877929687277 0.0 8.271538480122883 105.65861612955729 150.44547424316406 169.85122477213542 139.25904541015626 573.4858990351358
54900.0 -2.1999877929687277 0.0 4.93064022064209 94.43618418375651 138.15807393391927 186.39006449381512 136.88846232096355 560.8034251530966
55800.0 -2.1999877929687277 0.0 1.6749625066916147 82.38591664632162 124.82380065917968 200.42767944335938 133.74820861816406 543.0605678737164
56700.0 -2.1999877929687277 1.3296427090962728 0.0 71.99890594482422 113.30413818359375 208.30274047851563 131.40389200846354 526.3393193244934
57600.0 -2.1999877929687277 0.4443867345650991 0.0 54.60452829996745 95.75950164794922 206.97309163411458 126.66448160807292 484.44598992466933
58500.0 -2.1999877929687277 2.592657403151194 0.0 42.921240997314456 83.58651580810547 208.57027180989584 124.06821187337239 461.7388978918394
59400.0 -2.1999877929687277 5.639531914393107 0.0 33.5288324991862 73.9376439412435 211.00735270182292 122.7249969482422 446.83835800488794
60300.0 -2.1999877929687277 8.522882175445556 0.0 27.919806543986002 68.35860036214193 214.74342244466146 122.73033294677734 442.27504447301226
61200.0 -2.1999877929687277 1.5329713145891826 0.0 9.222007179260254 51.350180562337236 209.36874287923177 117.42295786539714 388.8968598008156
62100.0 -2.1999877929687277 1.756468133131663 0.0 3.308196798960368 46.383382924397786 212.64205627441407 117.18843231201171 381.27853644291565
63000.0 -2.1999877929687277 3.8553785641988116 0.0 0.9190673549969991 44.90813624064128 219.0311258951823 118.79357655843098 387.50728461345034
63900.0 -2.1999877929687277 5.957558949788411 0.0 0.08844560782114665 45.221625264485674 225.4572550455729 121.00294850667318 397.72783337434134
64800.0 -2.1999877929687277 0.4558392524719238 0.0 0.0 26.044422976175944 219.1516560872396 114.65777231852213 360.3096906344096
65700.0 -2.1999877929687277 0.0 0.0 0.0 25.966884231567384 223.67729899088542 115.72808787027995 365.3722710927327
66600.0 -2.1999877929687277 0.0 0.0 0.0 25.61100654602051 228.49697875976562 117.02159627278645 371.1295815785726
67500.0 -2.1999877929687277 0.0 0.0 0.0 25.07612024943034 231.5122538248698 117.52876892089844 374.1171429951986
68400.0 -2.2251342773437273 1.1836143811543782 0.0 0.0 25.778244654337566 237.647319539388 119.12416025797526 383.7333388328552
69300.0 -2.359940592447894 1.84778733253479 0.0 0.0 20.99154218037923 238.28431294759113 118.27402852376302 379.3976709842682
70200.0 -2.558506266276019 0.3278763155142466 0.0 0.0 12.570148150126139 236.72665608723958 116.00743611653645 365.6321166694164
71100.0 -2.736442057291644 0.0 0.0 0.0 5.9270172119140625 235.69709167480468 114.43672739664713 356.06083628336586
72000.0 -2.833341471354144 6.811842823028565 0.0 0.0 16.42298313776652 247.48299153645834 120.2542012532552 390.9720187505086
72900.0 -2.8972473144531024 10.69990348815918 0.0 0.0 19.444085947672527 252.6421142578125 122.78734995524088 405.57345364888505
73800.0 -2.948474121093727 13.283677355448406 0.0 0.0 21.495957819620767 257.2252126057943 124.85312042236328 416.85796820322673
74700.0 -2.985685221354144 15.112298202514648 0.0 0.0 22.509260177612305 260.4627217610677 126.32493133544922 424.40921147664386
75600.0 -3.0059163411458107 18.533891868591308 0.0 0.0 26.210069783528645 266.00722249348956 129.01034291585287 439.7615270614624
76500.0 -3.0058593749999774 20.518390782674153 0.0 0.0 27.995462036132814 269.1373758951823 130.68805745442708 448.3392861684164
77400.0 -2.9971028645833107 22.388868840535483 0.0 0.0 29.650509134928384 272.1590962727865 132.28817342122395 456.48664766947434
78300.0 -2.9946980794270606 23.728040313720705 0.0 0.0 30.49917157491048 274.19859008789064 133.42080891927083 461.84661089579265
79200.0 -3.0233703613281024 40.6313528696696 0.0 0.0 53.20428047180176 295.68006591796876 145.2901580810547 534.8058573404949
80100.0 -3.116044108072894 49.969706217447914 0.0 1.1788126945495605 65.84924799601237 308.72446492513023 152.99103393554688 578.7132657686869
81000.0 -3.228403727213519 59.76496810913086 0.0 20.42043825785319 80.93568267822266 323.25990600585936 161.4428283691406 645.8238234202067
81900.0 -3.2971740722656024 67.86231231689453 0.0 33.278874206542966 93.40685424804687 335.3010599772135 168.57611287434895 698.4252136230468
82800.0 -3.276446533203102 84.77105255126953 0.0 58.924459838867186 117.58245595296223 356.13047485351564 180.93928120930988 798.3477244059245
83700.0 -3.206284586588519 90.81837921142578 0.0 67.51021219889323 125.83320871988933 363.30664876302086 185.8033437093099 833.2717926025391
84600.0 -3.1199971516926857 95.64531809488932 0.0 74.3057637532552 131.9545425415039 368.7035217285156 189.49213358561198 860.1012797037761
85500.0 -3.037266031901019 99.5450449625651 0.0 80.34049835205079 137.34054463704427 373.21434529622394 192.71646219889323 883.1568954467773
86400.0 -2.9738423665364357 105.61294352213541 0.0 90.96922607421875 147.72481994628907 383.61089680989585 198.67069396972656 926.5885803222657
87300.0 -2.923575846354144 113.42262115478516 7.083273460467656 106.7749766031901 163.61826171875 396.30658365885415 206.80630900065105 994.0120255966981
88200.0 -2.8774251302083105 122.62248331705729 14.739450518290202 124.57842915852865 181.7367970784505 410.33250732421874 215.81688334147137 1069.8265507380167
89100.0 -2.828751627604144 130.85118967692057 21.608501688639322 139.4900889078776 197.04428202311198 422.0544779459635 223.4938761393229 1134.542416381836
90000.0 -2.755832926432269 140.19151306152344 29.106038411458332 155.33577372233074 212.89815368652344 433.34864908854166 231.11096903483073 1201.9910970052083
90900.0 -2.6071919759114355 145.217626953125 33.52986539204915 163.1657704671224 220.10435282389324 438.3157552083333 234.9835194905599 1235.3168903350831
91800.0 -2.4207600911458105 149.25765889485677 37.03364181518555 168.4074920654297 224.34694213867186 440.83656616210936 237.32757975260418 1257.2098808288574
92700.0 -2.259281412760394 151.26656799316407 38.90495223999024 169.6877868652344 224.7856679280599 440.541259765625 237.80264892578126 1262.988883717855
93600.0 -2.2034138997395605 153.3509511311849 40.56223017374675 169.55520426432292 223.57696533203125 439.4374654134115 237.5111521402995 1263.9939684549968
94500.0 -2.3338562011718524 150.71138407389324 39.26225941975911 160.18433227539063 212.42869262695314 431.36358642578125 232.84502970377605 1226.7952845255536
95400.0 -2.559342447916644 147.07735595703124 37.63743540445964 149.13404439290363 199.66424865722655 420.83327433268227 226.95211893717448 1181.2984776814778
96300.0 -2.748942057291644 143.98909403483074 36.72785898844401 140.93688151041667 190.40506998697916 411.78362630208335 222.28870951334636 1146.1312403361003
97200.0 -2.7695454915364355 145.66590983072916 38.57929204305013 142.05411783854166 191.24718221028647 409.784912109375 221.94349365234376 1149.2749076843263
98100.0 -2.5786193847656023 148.04567260742186 40.573944346110025 145.07789408365886 194.23064880371095 410.0197509765625 222.79072977701824 1160.7386405944824
99000.0 -2.323557535807269 151.40117899576822 42.96684239705404 149.52784322102863 198.63672993977863 411.1065958658854 224.0126190185547 1177.6518094380697
99900.0 -2.1828063964843523 153.5760508219401 44.87711715698242 152.57638448079427 201.50763956705728 411.24164021809895 224.71178385416667 1188.4906160990397
100800.0 -2.293039957682269 156.3226064046224 46.80575103759766 155.19430541992188 203.65477701822917 411.8214396158854 225.23390197753906 1199.0327814737957
101700.0 -2.5648213704426857 157.65311381022136 47.774532826741535 155.2109608968099 203.0104227701823 411.0884745279948 224.77651774088542 1199.514022572835
102600.0 -2.8880310058593524 159.26383361816406 48.9983149210612 155.93504231770834 202.99547220865887 410.5955423990885 224.51525166829427 1202.3034571329752
103500.0 -3.179557291666644 160.87626241048176 50.28931350708008 157.38097229003907 203.92800598144532 411.0775431315104 224.9263712565104 1208.4784685770671
104400.0 -3.3779500325520604 166.19840596516926 54.17053476969401 165.12845662434896 211.15653076171876 415.3216939290365 227.8574412027995 1239.8330632527668
105300.0 -3.528348795572894 168.124467976888 55.453669993082684 167.47245178222656 213.21001993815105 416.9063761393229 228.65691731770832 1249.8239031473795
106200.0 -3.667118326822894 170.60056864420574 56.91762212117513 170.60399983723957 215.99463500976563 419.1519836425781 229.6990712483724 1262.9678805033366
107100.0 -3.813602701822894 172.78306783040364 58.2202267964681 173.46994323730468 218.60091959635417 421.3168497721354 230.7490681966146 1275.1400754292806
108000.0 -4.011659749348936 167.66241455078125 55.01895446777344 164.7988505045573 209.1583984375 415.84618123372394 226.81456604003907 1239.299365234375
108900.0 -4.338405354817685 168.44002685546874 54.63985595703125 164.5753916422526 208.6107920328776 417.94812825520836 226.77797037760416 1240.9921651204427
109800.0 -4.697233072916644 170.85516662597655 54.99346186319987 166.16610209147134 209.92911376953126 422.47747802734375 227.975141398112 1252.3964637756349
110700.0 -4.946824137369769 173.01964416503907 55.31571858723958 167.57433166503907 211.12261352539062 426.5717366536458 229.14163004557292 1262.745674641927
111600.0 -4.957098388671852 170.47802327473957 52.871045176188154 162.14138488769532 205.26651102701823 425.8454915364583 227.35560811360676 1243.9580640157064
112500.0 -4.724220784505186 175.33080342610677 55.36756820678711 172.55134175618488 216.90554809570312 435.06288045247396 232.35533142089844 1287.5734733581544
113400.0 -4.371889241536436 182.58068237304687 60.0978510538737 190.24253743489584 236.67298990885416 446.6717041015625 239.80933532714843 1356.0751001993815
114300.0 -4.035459391276019 187.99744364420573 64.01330973307292 204.90768127441407 253.05119934082032 454.9113077799479 245.46906636555988 1410.350008138021
115200.0 -3.820776367187477 195.40859375 70.66072540283203 221.21165771484374 269.0878560384115 458.9827392578125 250.04830220540364 1465.3998743693032
116100.0 -3.67790120442706 183.6811747233073 65.62245178222656 203.22526957194012 248.311235555013 437.8820332845052 239.01170145670574 1377.7338663736978
117000.0 -3.5496236165364357 168.4796162923177 58.81718037923177 179.74418233235676 221.30156758626302 410.5702168782552 224.480913289388 1263.3936767578125
117900.0 -3.398974609374977 157.15506795247396 54.457245635986325 164.32508443196613 203.4997304280599 389.5042439778646 213.87603352864582 1182.8174059549967
118800.0 -3.151542154947894 160.1748046875 59.68481928507487 175.79322916666666 214.50311584472655 385.9498819986979 215.35512084960936 1211.4609718322754
119700.0 -2.6864257812499774 159.37140706380208 61.126339721679685 178.27501525878907 216.77157084147134 381.6089619954427 214.62793680826823 1211.781231689453
120600.0 -2.1555989583333104 157.3444091796875 62.154964701334634 180.01778767903645 218.17060038248698 375.9181620279948 213.369091796875 1206.9750157674152
121500.0 -1.7804768880208108 156.96524353027343 63.511043802897134 183.2398661295573 221.34368184407552 373.1925801595052 213.176708984375 1211.4291244506835
122400.0 -1.6999877929687273 159.9637939453125 66.93846232096354 192.43443501790364 230.84730326334636 374.76234130859376 215.79174092610677 1240.7380767822265
123300.0 -1.6999877929687273 162.7208506266276 69.61205393473307 200.00027770996093 238.8802022298177 377.31768391927085 218.3451924641927 1266.8762608846027
124200.0 -1.6999877929687273 164.13776041666668 72.2325424194336 207.6453389485677 246.9246388753255 375.88002115885416 219.60655212402344 1286.426853942871
125100.0 -1.6999877929687273 165.19375915527343 74.71482289632162 215.1445281982422 254.91883646647136 373.97906901041665 220.68463338216145 1304.6356491088868
126000.0 -1.6999877929687273 165.4836659749349 77.2150156656901 222.65833435058593 262.7993591308594 370.4675984700521 221.221630859375 1319.8456044514974
126900.0 -1.6999877929687273 165.61725158691405 79.41292673746744 229.73900146484374 270.35751953125 367.8960876464844 221.90405680338543 1334.926843770345
127800.0 -1.6999877929687273 167.72762247721354 81.66431070963542 237.0740193684896 278.0833719889323 369.2655334472656 223.4829884847005 1357.2978464762368
128700.0 -1.6999877929687273 171.2774871826172 83.89653167724609 244.4921620686849 286.01868489583336 373.98199055989585 226.08104349772137 1385.7478998819988
129600.0 -1.6999877929687273 173.6810312906901 85.73671518961588 250.42064514160157 292.15843709309894 376.70000813802085 227.72838541666667 1406.4252222696941
130500.0 -1.6999877929687273 172.2430389404297 85.03119455973307 248.03825887044272 289.09772338867185 373.7167175292969 225.65739949544272 1393.784332784017
131400.0 -1.6999877929687273 165.8928243001302 82.61080373128256 239.7172393798828 279.2702372233073 361.5478556315104 219.52345581054686 1348.5624160766602
132300.0 -1.6999877929687273 157.70587666829428 79.68267822265625 229.6321990966797 267.5422892252604 346.42717895507815 212.2836466471354 1293.273868815104
133200.0 -1.6999877929687273 146.64752400716145 66.25418523152669 193.87419840494792 229.8617421468099 327.3442830403646 199.26081136067708 1163.2427441914876
134100.0 -1.6999877929687273 136.9602844238281 60.926473490397136 179.56686299641927 213.89275817871095 310.0401550292969 190.89507446289062 1092.281608581543
135000.0 -1.6999877929687273 130.18084411621095 56.666100056966144 166.90646565755208 199.58059895833333 298.4586588541667 183.4868896484375 1035.2795572916666
135900.0 -1.6999877929687273 126.20757598876953 52.99068603515625 155.9617655436198 187.19135335286458 292.10162150065105 177.43857421875 991.8915766398112
136800.0 -1.6506123860676858 123.0457544962565 49.55768330891927 145.61260375976562 175.46631774902343 287.1723917643229 171.73195088704426 952.586701965332
137700.0 -1.388553873697894 119.99723663330079 46.36895548502604 135.8591562906901 164.46653442382814 282.6372131347656 166.51575622558593 915.8448521931966
138600.0 -1.0123107910156024 87.92397282918294 43.3429931640625 126.45376688639323 153.91490478515624 241.48338928222657 160.41449890136718 813.5335258483886
139500.0 -0.6967488606770605 45.2078047434489 40.93069356282552 119.17431081136068 145.78482259114583 185.7450378417969 155.3684560139974 692.2111255645751
140400.0 -0.5805277506510189 3.498024082183838 36.27975794474284 107.5240697224935 133.5451232910156 133.04314575195312 149.9996368408203 563.8897576332092
141300.0 -0.615214029947894 0.0 35.90851414998372 109.19205322265626 135.66996256510416 97.12134704589843 151.20197245279948 529.093849436442
142200.0 -0.7510904947916439 0.0 36.43704020182292 114.69401499430339 142.0072977701823 99.7453379313151 155.26710001627603 548.1507909138998
143100.0 -0.9644327799478939 0.0 36.992699178059894 120.36048075358073 148.28673197428387 126.32785390218099 159.54275817871093 591.5105239868165
144000.0 -1.261002604166644 0.0 31.995453135172525 109.37578481038412 137.3239003499349 151.36225484212238 155.56519775390626 585.6225908915201
144900.0 -1.710361735026019 0.0 28.329531097412108 101.13076273600261 129.72952321370443 174.04728190104166 153.47692260742187 586.7140215555827
145800.0 -2.218186442057269 13.712121136983235 24.669810104370118 92.20714874267578 122.2932113647461 200.00276590983074 152.08523356119792 604.970290819804
146700.0 -2.6433512369791443 39.94062245686849 21.951539103190104 86.03730621337891 116.80867563883463 230.60271199544272 151.82401326497396 647.1648686726888
147600.0 -2.854538981119769 36.693199666341144 11.684089787801106 65.86301600138346 97.7692637125651 230.0653818766276 144.05633036295572 586.1312814076741
148500.0 -2.846976725260394 36.78776575724284 9.086672592163087 57.55943247477214 89.71313171386718 233.1193817138672 141.195654296875 567.4620385487874
149400.0 -2.758103434244769 37.376905568440755 4.674960649013519 50.36167805989583 83.49465484619141 237.33865152994792 139.46820678710938 552.7150574405988
150300.0 -2.7403767903645604 37.55138397216797 2.276257785161336 44.773919423421226 79.39020640055338 240.44940795898438 138.30375162760416 542.7449271678925
151200.0 -2.910312906901019 25.677957407633464 0.10794324874877931 19.70674492518107 55.81423746744792 232.37196553548176 129.58568420410157 463.2645327885946
152100.0 -3.193497721354144 25.397331746419272 0.0 14.567084821065267 51.52891591389974 235.21224772135417 128.6339884440104 455.3395686467489
153000.0 -3.5043904622395607 25.565504201253255 0.0 8.623074785868328 46.616888936360674 238.80338643391926 128.04657185872395 447.6554262161255
153900.0 -3.7816996256510182 25.203006108601887 0.0 3.1984629392623902 41.902662150065105 241.08962910970052 127.27417755126953 438.66793785889945
154800.0 -3.973986816406227 25.74869333902995 0.0 0.08401692708333333 38.13859278361003 245.28011576334634 127.37016957600912 436.6215883890788
155700.0 -4.0968159993489355 25.07624766031901 0.0 0.0 32.9102528889974 245.19739176432293 126.13464813232422 429.31854044596355
156600.0 -4.196309407552061 23.183767954508465 0.0 0.0 26.073936971028647 243.69266255696616 124.09964396158854 417.0500114440918
157500.0 -4.316221110026019 21.92187843322754 0.0 0.0 21.64914067586263 242.92248128255207 122.87406819661459 409.3675685882568
158400.0 -4.505975341796852 31.371477127075195 0.0 0.0 32.25036201477051 256.8097401936849 129.52154032389322 449.9531196594238
159300.0 -4.798059082031227 36.0956667582194 0.0 0.0 36.84138005574544 265.2643798828125 133.4751190185547 471.67654571533205
160200.0 -5.139025878906227 40.5313835144043 0.0 0.0 41.06726862589518 273.9049011230469 137.23448791503907 492.7380411783854
161100.0 -5.457965087890602 44.24332173665365 0.0 1.2462015310923258 44.7403933207194 281.16429443359374 140.4541809082031 511.8483919302622
162000.0 -5.663128662109353 49.200819142659505 0.0 6.822416130701701 49.73734715779622 289.92335611979166 144.47197672526042 540.1559152762095
162900.0 -5.663926188151019 52.10645065307617 0.0 9.357510566711426 52.134700266520184 295.09160766601565 146.9328186035156 555.623087755839
163800.0 -5.572013346354144 54.80332590738932 0.0 11.254138437906901 53.957462310791016 300.0744201660156 149.1325663248698 569.2219131469726
164700.0 -5.5455362955728935 57.08957214355469 0.0 12.978225962320964 55.78694585164388 304.2773783365885 151.1035634358724 581.2356857299804
165600.0 -5.7588643391926855 75.64954503377278 0.0 35.916808700561525 79.41068801879882 329.5260823567708 164.42818501790364 684.9313091278076
166500.0 -6.311737060546852 84.66120198567708 0.0 46.17229309082031 91.18647003173828 344.4711486816406 172.3497762044271 738.8408899943033
167400.0 -7.008835856119769 93.54977162679036 0.0 57.179552714029946 102.85363515218098 360.2035441080729 180.26759541829426 794.0540990193684
168300.0 -7.5972941080728935 100.56544240315755 0.0 66.07899678548178 112.28729146321615 373.1664713541667 186.8652801513672 838.9634821573893
169200.0 -7.8621358235676855 114.82195332845052 10.604841868082682 89.2873524983724 135.84308980305988 394.47864786783856 199.0835723876953 944.1194577534993
170100.0 -7.853521728515602 119.77493743896484 14.354277038574219 98.6255889892578 145.02924194335938 402.7029663085938 204.6260213216146 985.1130330403646
171000.0 -7.7522725423176855 124.42118937174479 18.525160153706867 106.4285171508789 152.6872985839844 409.2863423665365 209.10862731933594 1020.4571349461874
171900.0 -7.7320699055989355 128.5034383138021 21.90082066853841 112.65275166829427 158.7745615641276 414.4411580403646 212.81649881998698 1049.089229075114
172800.0 -7.945701090494769 136.29570414225262 25.5182799021403 120.97462056477865 167.1257792154948 427.5379313151042 219.34024861653646 1096.792563756307
173700.0 -8.370967610677061 146.06195882161458 30.101508204142252 131.70867716471355 177.92408243815103 442.0624064127604 227.21792805989583 1155.0765611012775
174600.0 -8.86017862955727 157.01508178710938 34.983598200480145 143.38176778157552 190.0272471110026 458.1878723144531 235.69000244140625 1219.285569636027
175500.0 -9.261279296874978 166.13401489257814 38.918948618570965 152.6162302652995 200.04329732259114 471.52198282877606 242.74726053873698 1271.9817344665528
176400.0 -9.461968994140602 175.7631357828776 44.15199661254883 164.63126424153646 213.31253051757812 482.96885986328124 249.9230702718099 1330.750857289632
177300.0 -9.537965901692685 181.15103454589843 47.661888631184894 171.61882832845052 221.55636698404948 488.30859375 254.1371103922526 1364.433822631836
178200.0 -9.533957926432269 186.5666961669922 51.14891535441081 179.2374725341797 230.05693868001302 493.0167561848958 258.0922566731771 1398.1190355936687
179100.0 -9.461055501302061 190.56771850585938 53.939633178710935 184.89081217447918 236.1906962076823 496.05592041015626 260.96849161783854 1422.6132720947267
180000.0 -9.30812581380206 195.6010965983073 57.53309682210286 192.31916300455728 244.0323720296224 499.720849609375 264.345664469401 1453.5522425333659
180900.0 -9.02084554036456 198.66730244954428 60.11471150716146 196.7451405843099 248.48666585286458 501.033935546875 266.2549723307292 1471.3027282714843
181800.0 -8.678159586588519 201.83994750976564 62.95935033162435 201.67188212076823 253.29952087402344 501.947422281901 268.07744954427085 1489.7955726623534
182700.0 -8.395812988281227 204.26778767903645 65.37233378092448 205.51443176269532 256.9506052652995 502.40198771158856 269.49798380533855 1504.005130004883
183600.0 -8.311039225260394 210.95378519694012 69.1605005900065 213.44754638671876 264.935878499349 509.9141337076823 273.9164510091146 1542.3282953898113
184500.0 -8.516884358723935 219.59699605305988 73.91671244303386 225.3440205891927 277.57957153320314 521.8396728515625 280.8175944010417 1599.0945678710937
185400.0 -8.817594401041644 230.47624816894532 79.89154459635417 241.3412312825521 294.6460856119792 537.1966878255208 289.6511962890625 1673.202993774414
186300.0 -8.957033284505185 239.27256469726564 84.81283772786459 254.37576700846355 308.5107869466146 549.6567749023437 296.9115885416667 1733.5403198242188
187200.0 -8.771669514973935 244.36029154459635 88.6376958211263 263.37774658203125 317.5280802408854 554.8254516601562 300.86644287109374 1769.5957087198892
188100.0 -8.496667480468727 246.19933675130207 91.01245320638021 267.9765584309896 321.8008260091146 555.2492024739583 302.3921691894531 1784.630546061198
189000.0 -8.221667480468728 247.81524556477865 93.12968088785807 271.8527872721354 325.07228393554686 554.6893310546875 303.1651550292969 1795.7244837443036
189900.0 -7.946665445963519 248.34754231770833 94.66499989827474 273.14043782552085 325.5849283854167 552.3929280598958 302.8461853027344 1796.9770217895507
190800.0 -7.671663411458311 248.89196166992187 97.38670399983724 276.2293965657552 327.4193806966146 547.68603515625 302.1603190104167 1799.7737970987957
191700.0 -7.396669514973936 244.42894694010417 96.50388539632162 270.2962239583333 319.9729838053385 537.8083658854167 297.6753295898437 1766.6857355753582
192600.0 -7.121667480468727 240.5798797607422 95.77345275878906 264.626904296875 312.64197794596356 528.0034830729167 292.994911702474 1734.6206095377604
193500.0 -6.846667480468727 237.0536346435547 95.42536061604818 260.51941935221356 307.256142171224 520.0355794270833 289.6425354003906 1709.9326716105145
194400.0 -6.641324869791644 228.0566416422526 91.38253021240234 247.70074157714845 293.3211629231771 507.7327555338542 283.15882771809896 1651.3526596069337
195300.0 -6.737691243489561 226.71534118652343 90.7951436360677 245.78567911783855 290.94532063802086 505.7705505371094 281.78387451171875 1641.7959096272787
196200.0 -7.001910400390602 227.17538553873698 91.26547342936198 246.69889119466146 291.53307291666664 506.2698201497396 281.90594889322915 1644.8485921223958
197100.0 -7.192930094401019 227.71792805989583 91.68492075602214 247.66134236653645 292.24476114908856 506.9656575520833 282.1184387207031 1648.3930486043294
198000.0 -7.113677978515602 219.99659830729166 88.14883371988932 238.00184936523436 281.84340616861977 496.58420817057294 276.61761678059895 1601.192512512207
198900.0 -6.828523763020811 194.79876912434895 86.22238464355469 232.9113026936849 276.0492431640625 427.9523620605469 250.67096862792968 1468.6050303141276
199800.0 -6.4665974934895605 150.78123779296874 84.48684692382812 228.028119913737 270.0701171875 309.8920125325521 206.255712890625 1249.514047241211
200700.0 -6.13524983723956 124.41047719319661 82.84466857910157 223.59646708170573 264.13816121419273 241.49791259765624 182.56799825032553 1119.0556849161783
201600.0 -5.950917561848936 107.25387166341146 88.41064656575521 236.59527384440105 274.9397481282552 193.47895100911458 167.98467508951822 1068.6631663004557
202500.0 -5.973919677734353 85.61811981201171 88.01488240559895 235.38297119140626 271.7070332845052 147.3527043660482 152.32773030598958 980.40344136556
203400.0 -6.072450764973936 68.72928161621094 86.82604268391927 232.91048889160157 266.6426574707031 117.98058319091797 143.7407704671224 916.8298243204753
204300.0 -6.078306070963519 51.29990895589193 85.47294006347656 229.94962666829426 261.50983276367185 90.9022450764974 135.72918395996095 854.8637374877928
205200.0 -5.773545328776019 34.45205574035644 89.2770482381185 238.9108133951823 267.95872802734374 64.95969009399414 128.9674051920573 824.5257406870525
206100.0 -4.9531697591145605 17.93785368601481 88.59976704915364 236.30608723958332 263.29681396484375 40.0741325378418 121.79942728678385 768.0140817642211
207000.0 -3.913846842447894 22.207013003031413 87.1255874633789 231.81910196940103 256.55210469563804 57.025637817382815 125.98651580810547 780.7159607569376
207900.0 -3.066105143229144 32.0317024230957 85.94942576090494 228.20721130371095 251.41043599446616 81.23015441894532 132.29752197265626 811.1264518737793
208800.0 -2.6869038899739355 59.0851188659668 86.25646565755208 228.00149434407552 249.98550415039062 131.22954457600912 144.48062642415366 899.0387540181479
209700.0 -2.470762125651019 84.03560740152994 86.1103500366211 226.63129069010418 248.04330749511718 175.6034942626953 154.1628438313802 974.586893717448
210600.0 -2.308298746744769 65.51922302246093 86.00646565755208 224.9457275390625 246.06906127929688 151.5837203979492 152.169384765625 926.2935826619466
211500.0 -2.2172912597656023 24.372912724812824 85.95931854248047 223.6439646402995 244.7125447591146 96.64868469238282 144.78497009277345 820.1223954518637
212400.0 -2.1999877929687277 0.9646130243937174 85.39637756347656 220.7865468343099 241.68022664388022 40.56230742136638 138.86128946940104 728.2513609568279
213300.0 -2.1999877929687277 0.0 84.13347981770833 216.98849283854167 237.59180603027343 5.148968633015951 133.92762145996093 677.7903687795003
214200.0 -2.1999877929687277 0.0 81.89424235026041 210.86365254720053 230.95980936686198 0.0 134.89317016601564 658.6108744303385
215100.0 -2.1999877929687277 0.0 79.52747701009115 205.1955088297526 224.8971689860026 0.0 136.63351643880208 646.2536712646485
216000.0 -2.1999877929687277 0.0 76.71733754475912 198.349321492513 217.68924967447916 10.925732199350993 136.68706359863282 640.3687045097352
216900.0 -2.1999877929687277 0.0 73.79576517740885 191.13174133300782 210.13078918457032 54.64559377034505 135.25830891927083 664.9621983846029
217800.0 -2.1999877929687277 0.0 70.85714518229166 183.14823404947916 201.80440470377604 35.36879539489746 132.2559794108073 623.4345587412516
218700.0 -2.1999877929687277 0.0 68.77954915364583 177.48155415852864 196.020610555013 4.123246510823567 129.26181233723958 575.6667727152505
219600.0 -2.174106852213519 0.0 56.57315165201823 147.53850911458332 166.2983174641927 0.0 126.64020284016927 497.0501810709635
220500.0 -2.0395080566406025 0.0 52.72084452311198 140.81853739420572 160.2058359781901 0.0 126.22137858072917 479.966596476237
221400.0 -1.8558064778645609 0.0 49.72990900675456 136.23035380045573 156.6162099202474 0.0 127.11126556396485 469.68773829142253
222300.0 -1.7234374999999773 0.0 47.57807591756185 134.81685892740884 156.3678955078125 0.0 129.020166015625 467.78299636840825
223200.0 -1.7565388997395608 0.0 45.632869466145834 134.73108622233073 157.7833516438802 0.0 132.6667673746745 470.8140747070312
224100.0 -2.028542073567686 0.0 46.63537089029948 143.15790100097655 168.41474202473958 29.09667027791341 140.00094604492188 527.3056302388509
225000.0 -2.4056783040364356 0.0 48.26714070638021 153.61771036783855 182.28505249023436 80.69490152994791 149.38644307454427 614.2512481689453
225900.0 -2.7120910644531024 0.0 50.14335301717122 162.5810353597005 193.64755452473958 119.41114908854166 157.40618896484375 683.1892809549968
226800.0 -2.826633707682269 0.0 46.750029754638675 154.85934244791667 187.28914896647134 141.44107971191406 157.41715087890626 687.756751759847
227700.0 -2.8750142415364355 0.0 43.33941548665364 145.50997416178384 177.98068033854167 152.46864420572916 155.42708231608074 674.725796508789
228600.0 -2.9183044433593524 0.0 38.93514556884766 132.2150619506836 164.16643778483072 168.948681640625 152.46368306477865 656.7290100097656
229500.0 -2.9679565429687274 0.0 34.67235641479492 119.01514587402343 150.0919199625651 182.1461629231771 149.53665364583333 635.4622388203938
230400.0 -3.030924479166644 0.0 26.80903714497884 96.49551340738932 126.93890686035157 183.50785013834636 142.92294616699218 576.6742537180583
231300.0 -3.097155761718727 0.0 20.73337198893229 79.7530502319336 109.25355326334635 185.77460123697918 138.31026611328124 533.8248428344726
232200.0 -3.1680969238281023 0.0 15.2148286819458 64.19393768310547 92.80795288085938 188.31399332682292 134.1998718261719 494.7305843989055
233100.0 -3.2502441406249774 0.0 10.789658864339193 52.06274617513021 79.79972941080729 189.61277669270834 130.73639322916668 463.0013043721517
234000.0 -3.3583435058593523 0.0 1.38103875319163 29.985826365152995 57.87159652709961 184.6241719563802 123.25806325276693 397.12069685459136
234900.0 -3.521756998697894 0.0 0.0 27.24696273803711 58.21208521525065 194.759174601237 125.35725351969401 405.5754760742187
235800.0 -3.7177632649739354 6.74158681233724 0.0 32.509900665283205 66.30870895385742 211.42015482584637 131.76327311197917 448.7436243693034
236700.0 -3.9095947265624766 13.253132438659668 0.0 37.29229838053386 73.40906372070313 225.19208882649738 137.08287963867187 486.2294630050659
237600.0 -4.068992106119769 2.5621320962905885 0.0 12.596650346120198 49.987894185384114 217.94595743815105 128.92798817952473 412.0206222454707
238500.0 -4.204801432291644 0.45240277647972105 0.0 2.279601732889811 38.3735107421875 215.54669392903645 124.74254608154297 381.39475526213647
239400.0 -4.313035074869769 0.0 0.0 0.0 25.127648289998373 212.54715677897136 120.26034495035807 357.9351500193278
240300.0 -4.381512451171853 0.0 0.0 0.0 15.067844899495443 210.12787272135418 116.77769368489584 341.97341130574546
241200.0 -4.385394287109352 0.0 0.0 0.0 13.022321637471517 215.0254353841146 117.26058553059896 345.3083425521851
242100.0 -4.282122802734352 0.0 0.0 0.0 12.779774920145671 219.08085123697916 118.31331634521484 350.1739425023397
243000.0 -4.11773274739581 0.0 0.0 0.0 11.844208780924479 222.95603841145834 119.12295481363932 353.92320200602217
243900.0 -3.9611857096353935 1.036795159180959 0.0 0.0 11.557569058736165 226.25618693033854 119.98050231933594 358.83105346759163
244800.0 -3.8611409505208103 11.586709038416545 0.0 0.0 24.663456026713053 241.7787607828776 127.47872111002604 405.5076469580332
245700.0 -3.788049316406227 17.43414173126221 0.0 0.0 32.347727584838864 252.12184346516926 132.6132344563802 434.5169472376505
246600.0 -3.7613932291666434 23.47192471822103 0.0 0.0 40.73868179321289 263.2514282226563 137.97821146647135 465.44024620056155
247500.0 -3.82296956380206 28.39402135213216 0.0 0.0 47.658495330810545 272.25840861002604 142.4244171142578 490.73534240722654
248400.0 -4.027272542317686 34.18220329284668 0.0 2.05385848681132 53.39001617431641 281.75608723958334 146.50281575520833 517.884980948766
249300.0 -4.421046956380185 35.80118967692057 0.0 1.9885990873289605 50.756371307373044 283.84398193359374 146.5733622233073 518.9635042285236
250200.0 -4.914752197265602 36.062895965576175 0.0 0.0 45.255411020914714 283.68444010416664 145.26951599121094 510.27226308186846
251100.0 -5.388466389973936 36.06929473876953 0.0 0.0 41.14327646891276 283.70862833658856 144.63361511230468 505.55481465657556
252000.0 -5.74438069661456 53.81414031982422 0.0 14.413028462727864 62.83520304361979 306.2947143554687 156.84219767252605 594.1992838541667
252900.0 -6.014314778645811 62.07935689290365 0.0 27.41320546468099 72.54642181396484 318.20013834635415 163.31297200520834 643.5520945231119
253800.0 -6.259924316406227 69.52889607747396 0.0 35.536746470133465 81.41597290039063 329.46918131510415 169.07748514811198 685.0282819112142
254700.0 -6.531481933593727 75.6082260131836 0.0 42.374796549479164 88.7361053466797 338.81187540690104 173.97765401204427 719.5086573282878
255600.0 -6.904435221354144 96.25995585123698 0.0 67.4917221069336 115.40888163248698 368.3453816731771 189.22187093098958 836.7278121948242
256500.0 -7.475699869791644 110.47202555338542 8.224092292785645 87.42045745849609 135.83235778808594 392.2840942382812 201.8491231282552 936.0821504592896
257400.0 -8.140376790364561 124.3699722290039 15.603952980041504 108.49456431070963 158.3257059733073 418.1321594238281 215.47239379882814 1040.3987487157185
258300.0 -8.743998209635395 135.9345896402995 22.405624262491862 125.48151550292968 176.55136413574218 440.0373107910156 226.72213948567708 1127.132543818156
259200.0 -9.131134033203102 143.3646240234375 27.046554056803384 136.72322896321614 188.05675354003907 454.56728515625 234.19146423339845 1183.9499099731445
260100.0 -9.248858642578103 147.92352091471355 29.94431266784668 140.85234578450522 191.34323221842448 460.2034891764323 237.29288330078126 1207.5597840627036
261000.0 -9.24496663411456 151.60440368652343 31.957920201619466 141.9081034342448 191.43100179036458 463.39255574544273 238.96946919759114 1219.263454055786
261900.0 -9.299149576822893 154.85311584472657 33.7503293355306 143.4355489095052 191.85992431640625 466.0627950032552 240.78683166503907 1230.7485450744628
262800.0 -9.607584635416645 165.76405436197916 39.14681777954102 155.6595448811849 204.23418782552082 480.0927449544271 248.6076416015625 1293.5049914042156
263700.0 -10.266387939453102 175.68997497558593 43.97594350179036 167.39193115234374 217.06940307617188 493.8493937174479 256.4381917317708 1354.4148381551106
264600.0 -11.026774088541645 187.00596923828124 49.357401021321614 180.5258809407552 231.8548594156901 509.4643819173177 265.11778971354164 1423.3262822469076
265500.0 -11.574517822265602 196.11682637532553 53.68681920369466 190.5280283610026 243.46505533854167 521.9346313476562 272.0509480794271 1477.782308705648
266400.0 -11.680700683593727 203.74185282389323 57.81639658610026 200.1929667154948 254.1713094075521 530.1941731770834 277.4450419108073 1523.561740620931
267300.0 -11.542303466796852 208.1022155761719 60.65217717488607 206.08519592285157 260.5010721842448 533.5815063476563 280.43516845703124 1549.357335662842
268200.0 -11.331034342447895 212.63777770996094 63.864404296875 212.59117838541667 267.30292154947915 536.5445638020833 283.32074381510415 1576.2615895589192
269100.0 -11.152931722005185 216.161967976888 66.62876739501954 217.73453674316406 272.5558369954427 538.5896850585938 285.612705485026 1597.283499654134
270000.0 -11.103322347005186 222.376117960612 70.42445831298828 225.81558736165366 280.824375406901 544.6425211588542 289.6836791992188 1633.7667394002278
270900.0 -11.169598388671853 227.8415557861328 73.74267171223958 232.69037577311198 287.84215494791664 550.5421915690105 293.5208475748698 1666.1797973632813
271800.0 -11.240679931640603 234.0836395263672 77.48814544677734 240.6817362467448 295.887851969401 557.2928507486979 297.7907002766927 1703.2249242146809
272700.0 -11.19798177083331 238.80332641601564 80.40967814127605 246.39631245930988 301.4768005371094 562.242822265625 300.98338419596354 1730.3123240152995
273600.0 -10.971667480468728 242.4471455891927 83.56070607503256 252.32504374186198 307.01572672526044 564.2036010742188 303.26731363932294 1752.8195368448894
274500.0 -10.69666544596352 244.318891398112 85.9006362915039 256.067226155599 310.3033121744792 563.909834798177 304.36277465820314 1764.8626754760742
275400.0 -10.42166341145831 246.40237528483073 88.62608184814454 260.7702616373698 314.45066121419273 563.3631510416667 305.5473978678385 1779.159928894043
276300.0 -10.146669514973935 247.78045654296875 90.8202123006185 264.0765340169271 317.2090311686198 562.3528238932291 306.2659484863281 1788.5050064086915
277200.0 -9.871667480468727 251.30589294433594 94.90179850260417 271.3117228190104 323.6442118326823 562.6593627929688 308.277431233724 1812.1004201253254
278100.0 -9.596667480468728 251.39095458984374 96.30473175048829 272.4876241048177 324.1411987304688 560.2924641927083 308.0024149576823 1812.6193883260091
279000.0 -9.32166544596352 251.82866414388022 98.00500183105468 274.7230489095052 325.6285013834635 558.0448323567708 307.8918965657552 1816.1219451904296
279900.0 -9.04666341145831 251.99959716796874 99.3674072265625 276.1847391764323 326.42584635416665 555.8829956054688 307.6355346679687 1817.4961201985675
280800.0 -8.785878499348936 243.50542500813802 95.93673248291016 265.16930338541664 314.35528361002605 543.6973999023437 301.60230305989586 1764.2664474487306
281700.0 -8.59293009440102 240.94537963867188 95.17579142252605 262.28920084635416 310.7516682942708 539.058280436198 299.195849609375 1747.416170247396
282600.0 -8.45857747395831 239.70955505371094 95.34300333658854 261.64084676106773 309.41858927408856 535.906807454427 297.860986328125 1739.879788208008
283500.0 -8.353519694010394 238.88468221028646 95.60101013183593 261.4481567382812 308.7016540527344 533.5881388346354 296.91980794270836 1735.1434499104816
284400.0 -8.27195638020831 232.2942647298177 92.53732604980469 252.64942016601563 299.1296366373698 524.8373819986979 292.1506368001302 1693.5986663818358
285300.0 -8.274112955729144 230.0244618733724 91.56120402018229 250.17493896484376 296.1870402018229 521.409716796875 290.13001912434896 1679.4873809814453
286200.0 -8.317828369140603 227.92496643066406 91.18791961669922 249.1538116455078 294.7251729329427 517.3962443033854 288.34010416666666 1668.7282190958658
287100.0 -8.32802327473956 226.23138631184895 90.92153422037761 248.4542694091797 293.66980997721356 513.9635274251302 286.7647013346354 1660.0052286783855
288000.0 -8.238834635416644 234.59796142578125 97.83915049235026 264.57993672688804 309.38311157226565 519.3666097005208 291.7124938964844 1717.4792638142903
288900.0 -8.04457600911456 232.51668904622395 98.24259999593099 264.4189005533854 308.74891357421876 513.9284912109375 289.9026733398438 1707.75826772054
289800.0 -7.763358561197894 228.4967498779297 97.99762166341146 262.9274556477865 306.6230000813802 504.8367024739583 286.4375305175781 1687.3190602620443
290700.0 -7.410367838541644 224.41461283365885 97.53453674316407 260.72605794270834 303.77739868164065 495.7537475585938 282.7275349934896 1664.9338887532554
291600.0 -6.9777364095051855 225.9681172688802 102.80622711181641 272.23486328125 314.623583984375 489.01018676757815 283.147792561849 1687.790770975749
292500.0 -6.4114217122395605 220.92592163085936 103.1696553548177 270.94081827799477 312.5093241373698 476.44891357421875 278.84128824869794 1662.8359212239584
293400.0 -5.792124430338519 214.59036458333333 102.9022944132487 268.1777364095052 308.733730061849 461.2726277669271 273.27809041341146 1628.9548436482748
294300.0 -5.238140869140603 209.19036966959635 102.49729766845704 265.2266560872396 304.87440999348956 448.3124186197917 268.3071533203125 1598.408305358887
295200.0 -4.8456258138020605 205.26608072916667 103.63859252929687 266.288671875 305.0824483235677 436.40887044270835 264.61044921875 1581.2951131184896
296100.0 -4.574239095052061 201.50255737304687 103.91949768066407 265.39259847005206 303.4864949544271 426.3484680175781 260.99616088867185 1561.64577738444
297000.0 -4.341672770182269 197.38192850748698 104.05556081136068 264.2111002604167 301.50336303710935 415.5223388671875 256.95726216634114 1539.6315536499023
297900.0 -4.075134277343727 193.7880086263021 103.90327911376953 262.4756388346354 299.0321533203125 406.4558858235677 253.2573252360026 1518.91229095459
298800.0 -3.716723632812477 188.60181884765626 103.4126475016276 259.53040364583336 295.1351826985677 394.3276896158854 248.31890970865885 1489.3266520182292
299700.0 -3.2935791015624774 183.50294494628906 102.48038177490234 255.77687377929686 290.50584920247394 383.2196024576823 243.4080546061198 1458.8937067667641
300600.0 -2.848563639322894 173.49267985026043 101.42862192789714 251.6077087402344 285.3437255859375 362.6193013509115 236.10119222005207 1410.593229675293
301500.0 -2.4162129720051855 162.24795837402343 100.3270762125651 247.52395833333333 280.370029703776 340.6926696777344 228.69048767089845 1359.8521799723305
302400.0 -2.026365152994769 148.2713134765625 99.14671630859375 243.069194539388 274.8769205729167 314.08094075520836 220.18714701334636 1299.6322326660156
303300.0 -1.6855550130208108 135.36772766113282 97.73069712320964 238.50251159667968 269.39051717122396 290.324424235026 212.33306986490885 1243.648947652181
304200.0 -1.4017171223958107 127.28022104899088 96.12797648111979 233.5180185953776 263.34130045572914 274.5063496907552 205.56117248535156 1200.3350387573241
305100.0 -1.1864034016926857 123.88205413818359 94.67579854329428 229.34258219401042 258.29405314127604 267.1545878092448 200.94946695963543 1174.2985427856445
306000.0 -1.0901814778645607 120.73108825683593 82.1027608235677 197.75882568359376 225.62396341959635 261.70244954427085 193.29418233235677 1081.2132700602212
306900.0 -1.2336669921874772 120.5626434326172 78.19378763834635 189.92468973795573 217.21796875 260.9952392578125 189.9196004231771 1056.813929239909
307800.0 -1.4935689290364358 123.36920776367188 75.60461934407552 184.4909474690755 211.34753824869793 266.2213399251302 187.75163981119792 1048.785292561849
308700.0 -1.6804789225260193 127.04484354654947 73.54444071451823 180.5053944905599 207.08289388020833 273.51244303385414 186.5355224609375 1048.2255381266275
309600.0 -1.6510009765624776 130.8710968017578 71.06669769287109 175.03190205891926 201.1911824544271 281.4331075032552 184.7813730875651 1044.3753595987955
310500.0 -1.4980895996093522 132.651958211263 68.80951843261718 169.95715738932293 195.76315307617188 287.9067443847656 183.16341247558594 1038.2519439697267
311400.0 -1.3138671874999772 131.57793680826822 66.32058359781901 164.0907409667969 189.57388916015626 289.694862874349 180.75699869791666 1022.015012105306
312300.0 -1.1570414225260193 129.53567199707032 64.2831787109375 159.40795084635417 184.68707885742188 288.20249226888023 178.39405822753906 1004.5104309082033
313200.0 -1.0703592936197692 122.14730631510416 59.108009338378906 147.0146952311198 172.08551228841145 281.20847778320314 172.7865997314453 954.3506006876628
314100.0 -1.0262776692708107 118.50958201090495 56.56065165201823 141.56812032063803 166.52260030110676 278.12636515299477 170.08983662923177 931.3771560668945
315000.0 -1.0193379720051856 115.6649658203125 54.12218958536784 136.2659118652344 161.15144755045574 281.8583699544271 168.55109761555988 917.6139823913575
315900.0 -1.059025065104144 114.5577153523763 52.2033696492513 132.41217142740885 157.31090189615887 285.035850016276 168.11875915527344 909.6387674967448
316800.0 -1.1780944824218524 108.29631856282552 46.4363156636556 119.38052673339844 144.29559427897135 283.6149007161458 164.81750081380207 866.8411567687988
317700.0 -1.4485168457031024 110.76619110107421 45.302468363444014 120.7423823038737 146.7074930826823 294.3470418294271 168.39965413411457 886.265230814616
318600.0 -1.7921447753906026 116.10484364827474 45.65072758992513 127.02625935872396 154.6466318766276 309.43711751302084 174.38913167317708 927.2547116597494
319500.0 -2.0906697591145607 121.2794672648112 46.044149525960286 132.94603983561197 161.95003662109374 322.634912109375 179.45340983072916 964.3080151875814
320400.0 -2.2384602864583107 108.68222249348959 37.720160166422524 115.3405024210612 143.968158976237 310.6271260579427 171.04147237141927 887.3796424865723
321300.0 -2.240397135416644 101.63391825358073 32.62481295267741 104.75182596842448 133.46825358072917 303.3979919433594 165.072021484375 840.9488241831461
322200.0 -2.1860595703124774 95.12125549316406 28.006799062093098 93.00868123372396 122.14433339436849 296.86839599609374 159.59024149576823 794.7397066752114
323100.0 -2.169022623697894 90.34818013509114 24.090751139322915 83.9260248819987 113.46813151041667 292.059238688151 155.4594716389974 759.3517979939779
324000.0 -2.2915039062499774 75.32373860677083 10.916326014200846 57.87172368367513 88.24110463460286 278.8070556640625 144.9495635986328 656.109512201945
324900.0 -2.6035970052083104 73.8258768717448 9.142852592468262 52.7147819519043 83.99440561930338 279.27289428710935 143.51616821289062 642.4669795354207
325800.0 -2.9752746582031024 72.94473368326823 6.1652908007303875 48.09103698730469 80.43508453369141 281.00078125 142.82816467285156 631.4650919278463
326700.0 -3.242297363281227 72.69645029703776 4.02170418103536 45.81088104248047 79.00807393391928 283.439599609375 142.92063598632814 627.897345050176
327600.0 -3.277042643229144 73.81290181477864 2.8494440873463946 45.97061436971028 80.71577809651693 289.573524983724 144.9045430501302 637.8268064022064
328500.0 -3.155627441406227 74.77126566569011 2.5060007095336916 47.682952880859375 83.0009262084961 293.12156372070314 146.50287475585938 647.5855839411417
329400.0 -2.9827331542968523 74.81048634847005 1.1507147878408432 47.393330637613936 83.44345143636068 295.31870320638023 147.3059824625651 649.4226688792309
330300.0 -2.8409322102864354 75.03636169433594 0.7721162696679433 47.72456766764323 84.38492940266927 297.40508626302085 148.21477254231772 653.5378338396549
331200.0 -2.786332194010394 83.13777008056641 4.909280927975972 59.17971343994141 97.40207214355469 310.27240600585935 155.14476114908854 710.0460037469863
332100.0 -2.761889648437477 86.18102416992187 6.288151613871256 64.16112111409505 102.91956685384115 316.6026306152344 158.71444905598958 734.8669434229533
333000.0 -2.7539672851562274 88.6204355875651 7.115068308512369 67.84296162923177 107.42386678059896 322.28994140625 161.7812286376953 755.0735023498536
333900.0 -2.7748352050781024 90.93059794108073 8.00193748474121 71.5789805094401 111.95548400878906 327.3929951985677 164.64327901204427 774.5032741546631
334800.0 -2.839465332031227 95.17357584635417 9.823173014322917 77.85228780110677 119.23898315429688 335.9939270019531 169.1496551513672 807.231601969401
335700.0 -2.9573506673176855 98.58450215657552 11.40839017232259 83.19985911051432 125.40023905436198 342.9054443359375 172.99706319173177 834.4954980214436
336600.0 -3.101938883463519 101.64735412597656 12.626325925191244 87.5477513631185 130.54235026041667 349.4631673177083 176.4674845377604 858.2944335301718
337500.0 -3.239139811197894 103.77649332682292 13.376082420349121 90.2586166381836 133.8061543782552 354.2038635253906 178.93150838216147 874.352718671163
338400.0 -3.327191162109352 117.68924407958984 21.74230327606201 111.12530568440755 155.06594543457032 373.8072570800781 189.9743876139323 969.4044431686401
339300.0 -3.329327392578102 120.39640401204427 23.525367482503256 114.1733169555664 157.66152750651042 378.70103963216144 192.8986572265625 987.3563128153484
340200.0 -3.2917928059895605 121.7987569173177 24.087206904093424 114.13128916422527 157.21170959472656 381.4508565266927 194.29823506673176 992.9780541737874
341100.0 -3.2792663574218524 122.7651362101237 24.37188809712728 113.32405649820963 156.04995727539062 383.20408732096354 195.19718424479166 994.9123096466063
342000.0 -3.409330240885394 136.97427368164062 31.78721783955892 131.19771270751954 173.76948954264324 402.39829915364584 205.61163533528645 1081.7386282602947
342900.0 -3.8683410644531024 144.63118693033854 35.36752192179362 139.80613708496094 182.61402180989583 414.2705769856771 212.26829833984374 1128.9577430725099
343800.0 -4.4631998697916435 152.76287536621095 38.785335032145184 148.71929016113282 192.01837972005208 427.10320434570315 219.16168111165365 1178.5507657368978
344700.0 -4.903625488281227 159.15109558105468 41.42235387166341 155.26195170084637 198.82054239908854 437.0951802571615 224.52069702148438 1216.271820831299
345600.0 -4.971903483072894 163.81311543782553 43.056210327148435 159.91075439453124 203.76894938151042 444.18674723307294 228.50040588378906 1243.2361826578776
346500.0 -4.823730468749977 168.81509501139323 45.92291971842448 166.68582153320312 211.65308430989583 449.79497680664065 232.72843322753906 1275.600330607096
347400.0 -4.6142313639322685 173.98232930501302 49.061972554524736 173.9524881998698 220.42061665852864 455.2239217122396 237.02741495768228 1309.668743387858
348300.0 -4.445841471354144 177.79476725260417 51.52955551147461 179.53619384765625 226.80797627766927 458.8850524902344 240.1718017578125 1334.7253471374513
349200.0 -4.3940470377603935 182.5345458984375 54.910742950439456 186.568896484375 234.37341817220053 462.33704427083336 243.49035034179687 1364.2149981180826
350100.0 -4.400610351562477 181.78963216145834 55.295346069335935 184.2047546386719 231.42759501139324 458.1463175455729 242.18826497395833 1353.0519104003906
351000.0 -4.416880289713519 179.6126261393229 55.21145273844401 180.1455281575521 226.4159912109375 451.16249389648436 239.53440653483074 1332.0824986775715
351900.0 -4.415238444010394 177.56838684082032 55.35522282918294 177.2242869059245 222.69342346191405 444.9489807128906 237.35909830729167 1315.1493990580243
352800.0 -4.354608154296852 180.3801249186198 57.772797393798825 181.5031941731771 226.86922505696614 446.1113627115885 239.02159016927084 1331.6582944234212
353700.0 -4.1906473795572685 183.7452362060547 60.22868830362956 186.78758646647137 232.30194396972655 449.14073893229164 241.443603515625 1353.6477973937988
354600.0 -4.0019368489583105 187.9093790690104 63.33208974202474 193.57089029947917 239.27771504720053 453.0484903971354 244.537260945638 1381.6758255004884
355500.0 -3.895910644531227 191.16729125976562 65.80838979085287 198.99311319986978 244.81763305664063 456.09979654947915 246.96401977539062 1403.8502436319986
356400.0 -3.9440185546874766 195.21561279296876 68.42905782063802 204.5201436360677 250.23900349934897 460.238232421875 249.64389241536458 1428.285942586263
357300.0 -4.056465657552061 197.6621541341146 69.9967041015625 206.95758158365885 252.33869527180988 462.5350606282552 251.0759043375651 1440.5661000569662
358200.0 -4.188122558593728 200.3259490966797 71.6248565673828 209.54678649902343 254.47066650390624 465.0329915364583 252.51268412272137 1453.513934326172
359100.0 -4.326843261718727 202.7464619954427 73.14703776041667 212.1583719889323 256.77073974609374 467.55225423177086 254.01238199869792 1466.3872477213542
360000.0 -4.466986083984352 207.55115356445313 75.73851420084635 218.13858032226562 262.6978006998698 473.6380147298177 257.2879954020182 1495.0520589192708
360900.0 -4.623026529947894 212.96859334309895 78.72086486816406 226.01128133138022 270.9722371419271 481.26856486002606 261.5802327473958 1531.5217742919922
361800.0 -4.784372965494769 219.5118642171224 82.26626586914062 235.8733652750651 281.38050537109376 490.62201131184895 266.77808837890626 1576.4321004231772
362700.0 -4.931844075520811 225.0879140218099 85.3115976969401 244.25917154947916 290.2456949869792 498.66222127278644 271.2765706380208 1614.8431701660156
363600.0 -4.992814127604144 229.02910868326822 89.08573811848959 252.81382751464844 298.6442606608073 501.4003194173177 274.2273254394531 1645.2005798339844
364500.0 -4.778009033203102 226.56583353678386 88.79909871419271 250.59000040690105 295.7076782226562 496.0736450195312 272.0187581380208 1629.7550140380858
365400.0 -4.393884277343727 222.97828877766926 88.01551005045573 246.60524291992186 290.65623168945314 488.49317423502606 268.6169860839844 1605.3654337565104
366300.0 -4.031483968098936 219.8382334391276 87.3581756591797 243.06296997070314 286.2096415201823 481.88450724283854 265.6532043457031 1584.0067321777342
367200.0 -3.8430013020833105 211.19183044433595 82.95294748942057 230.67696533203124 273.1004272460938 470.8622619628906 259.486610921224 1528.271043395996
368100.0 -3.7796325683593524 211.26819661458333 82.86236317952473 231.77237243652343 274.40338745117185 471.83806762695315 259.67588297526044 1531.820270284017
369000.0 -3.790802001953102 213.7505360921224 84.23490091959636 237.13162434895833 280.3470845540365 476.3348103841146 262.07293701171875 1553.871893310547
369900.0 -3.8537760416666433 216.17921651204426 85.58206888834636 242.3631856282552 286.1481669108073 480.6471008300781 264.4205261230469 1575.340264892578
370800.0 -4.041595458984352 209.7872060139974 81.74283854166667 232.75369160970052 276.0620096842448 474.09644368489586 260.1232116699219 1534.5654012044272
371700.0 -4.640704345703102 201.02101338704426 76.84225107828776 218.36454264322916 259.93462829589845 460.0943868001302 251.74463704427083 1468.0014592488606
372600.0 -5.416192626953102 187.7908467610677 71.54808705647787 202.06706746419272 241.52118123372395 435.1208516438802 239.269731648763 1377.3177658081054
373500.0 -5.982930501302061 176.10843912760416 68.72521006266275 193.8585428873698 232.20657145182292 410.78472900390625 228.78062845865887 1310.4641209920248
374400.0 -5.945385742187478 177.2075663248698 75.85520731608072 212.03744201660157 250.4770935058594 397.3411865234375 228.62795918782552 1341.5464548746745
375300.0 -5.164306640624977 169.7146006266276 76.6663594563802 214.50027160644532 252.8995585123698 375.5120320638021 223.21268208821616 1312.5055043538412
376200.0 -4.077888997395811 162.42462056477865 76.229736328125 213.64763997395832 251.46661885579428 358.84909871419273 218.03689270019532 1280.6546071370442
377100.0 -3.2214660644531024 161.63119812011718 76.3085220336914 214.4712361653646 251.96333923339844 356.9916076660156 217.0476043701172 1278.4135075887045
378000.0 -2.965134684244769 169.63986307779948 83.3869623819987 233.42071634928385 271.21506958007814 367.4746948242188 223.90643615722655 1349.0437423706055
378900.0 -2.926562499999977 173.86223246256512 86.57821655273438 242.9067169189453 281.3496419270833 373.64931640625 227.92987670898438 1386.2760009765625
379800.0 -2.906614176432269 175.04352416992188 89.3617177327474 251.82311503092447 290.9063435872396 373.6654439290365 230.19442138671874 1410.9945658365884
380700.0 -2.8542378743489354 175.06138610839844 92.04176839192708 260.57655639648436 300.4214579264323 371.65459594726565 231.92206726074218 1431.67783203125
381600.0 -2.7369079589843524 172.20975646972656 95.06393890380859 269.4536824544271 309.642860921224 364.0474385579427 231.86992899576822 1442.2876063028973
382500.0 -2.5996663411458107 164.27552693684896 94.07482147216797 265.3672770182292 304.5546040852865 348.8690144856771 226.4265889485677 1403.5678329467773
383400.0 -2.454130045572894 151.62774556477865 90.97568817138672 254.2207987467448 291.419970703125 325.80926310221355 217.0515604654948 1331.1050267537435
384300.0 -2.2933349609374774 140.0327911376953 87.88213653564453 243.2456817626953 278.5838317871094 305.0761474609375 208.34809061686198 1263.168679300944
385200.0 -2.0934407552083107 128.08771565755208 85.93071797688802 236.14136657714843 270.0754353841146 283.3971700032552 200.58046162923176 1204.2128672281901
386100.0 -1.8023356119791443 117.46882883707683 84.02654215494792 229.77955322265626 262.5569580078125 264.57647298177085 193.68954772949218 1152.0979029337566
387000.0 -1.476859537760394 105.51015065511068 82.09842732747396 223.41343688964844 254.9687744140625 244.25047607421874 186.8417510986328 1097.083016459147
387900.0 -1.2029398600260188 95.72237192789713 80.5445556640625 218.49504801432292 249.10686238606772 228.02630310058595 181.5876932779948 1053.482834370931
388800.0 -1.0586690266926857 84.67764790852864 79.69881896972656 215.87960611979167 245.80079243977863 210.40666809082032 177.57211100260417 1014.03564453125
389700.0 -1.043839518229144 71.37980982462565 80.10342966715494 218.23666381835938 248.29354146321614 193.0905497233073 176.25921122233072 987.3632057189941
390600.0 -1.087620035807269 79.97356414794922 80.89506683349609 222.31751302083333 252.73890380859376 206.40062764485677 178.83280436197916 1021.1584798177083
391500.0 -1.1138712565103939 98.23322448730468 81.22800903320312 224.97432861328124 255.6574696858724 233.30989888509114 182.69786275227864 1076.1007934570312
392400.0 -1.0536071777343523 109.90426025390624 68.97067209879557 194.92405497233074 224.88442891438802 254.99056599934895 179.19833272298177 1032.8723149617513
393300.0 -0.9082580566406022 115.9364725748698 63.632406870524086 181.63251444498698 210.47498982747396 272.1204345703125 176.6269775390625 1020.4237958272298
394200.0 -0.742374674479144 111.39596506754557 59.12927398681641 168.82608947753906 196.56849060058593 265.2360005696615 171.82865091959636 972.9844706217448
395100.0 -0.6251505533853939 97.17901865641277 55.84002888997396 159.55106709798176 186.58104858398437 243.68719380696615 166.52062174479167 909.3589787801106
396000.0 -0.6219055175781023 82.67810923258463 53.76528701782227 154.25882466634116 181.14276529947918 222.01038716634113 163.13808898925782 856.9934623718261
396900.0 -0.7385782877603939 68.39627507527669 52.434140014648435 151.50924784342448 178.45032145182293 202.89627990722656 160.8129455566406 814.4992098490397
397800.0 -0.9075927734374772 38.830437342325844 50.99075597127278 148.74051005045573 175.73883768717448 169.6048573811849 158.87503560384116 742.7804340362549
398700.0 -1.0527770996093524 15.552467282613119 49.667022450764975 146.63427124023437 173.6527862548828 145.7502888997396 157.8591094970703 689.1159456253052
399600.0 -1.1108459472656025 0.5829142252604167 45.055510711669925 136.63747863769532 163.38463033040364 104.6895517985026 153.43961181640626 603.7896975199382
400500.0 -1.1013081868489356 0.0 42.78740539550781 133.41339925130208 159.83109436035156 81.74088490804037 151.82322489420574 569.5960088094075
401400.0 -1.0744344075520607 0.0 40.62795639038086 129.43962961832682 156.04056701660156 84.54806772867839 151.3242167154948 561.9804374694825
402300.0 -1.075919596354144 0.0 38.60650787353516 126.08500518798829 153.03980814615886 100.38473510742188 151.63507792154948 569.7511342366537
403200.0 -1.1425394694010191 0.0 32.232818603515625 111.21037902832032 138.39093119303385 120.07739919026693 146.376606241862 548.2881342569988
404100.0 -1.2623413085937272 0.0 27.401282374064127 98.04087626139322 126.45909678141275 142.13745727539063 143.01063130696613 537.0493439992268
405000.0 -1.4181030273437272 0.0 22.102452977498373 84.37008717854818 113.0204360961914 167.72824401855468 139.88604939778645 527.1072696685791
405900.0 -1.5982320149739357 9.2038511912028 18.153035354614257 74.5708745320638 103.52069803873698 196.48202514648438 138.33494262695314 540.2654268900553
406800.0 -1.8101114908853941 10.379039255777995 7.806700579325358 52.877698262532554 82.43049672444661 196.01944173177083 130.68490091959634 480.1982774734497
407700.0 -2.103806559244769 12.297741254170736 3.335851983229319 44.638162231445314 74.9266835530599 201.42179463704426 128.53616282145182 465.1563964804013
408600.0 -2.427018229166644 15.584973335266113 0.8959608640521765 37.31743418375651 69.45316162109376 208.9289560953776 127.99630482991536 460.1767909294615
409500.0 -2.697861735026019 17.96092300415039 0.0 32.38784548441569 65.8576161702474 215.1560292561849 128.0513671875 459.4137811024983
410400.0 -2.8383076985676854 7.792061869303385 0.0 7.853477907180786 43.54003372192383 208.9693806966146 120.40040435791016 388.5553585529327
411300.0 -2.839536539713519 8.240993722279866 0.0 3.894423977533976 39.74809137980143 212.1675252278646 119.41232096354166 383.46335527102156
412200.0 -2.784619140624977 9.24941800435384 0.0 0.26705408891042076 36.41669565836589 216.46912027994793 119.38772735595703 381.79001538753516
413100.0 -2.768088785807269 10.043119875590007 0.0 0.0 34.16931254069011 220.07688598632814 119.55095621744792 383.8402746200562
414000.0 -2.854123942057269 11.527425448099772 0.0 0.0 32.93537902832031 225.4231170654297 120.53103739420573 390.4169589360555
414900.0 -2.9731648763020604 9.758163356781006 0.0 0.0 25.10583979288737 223.6968546549479 118.1428731282552 376.70373093287145
415800.0 -3.097521972656227 5.825698693593343 0.0 0.0 12.691098848978678 218.4614044189453 113.61701253255208 350.5952144940694
416700.0 -3.227970377604144 2.3645938873291015 0.0 0.0 3.1863769332567853 213.71920166015624 109.99072011311848 329.2608925938606
417600.0 -3.3647766113281024 11.163601732254028 0.0 0.0 12.584012973308564 227.24256795247396 116.10863037109375 367.0988130291303
418500.0 -3.5068359374999774 18.066160901387533 0.0 0.0 21.441830571492513 239.6512430826823 122.13951924641927 401.29875380198166
419400.0 -3.6554097493489355 25.33531074523926 0.0 0.0 32.408636474609374 253.36667073567708 129.05602264404297 440.16664059956867
420300.0 -3.812512207031227 31.41742795308431 0.0 0.0 40.60302810668945 264.52283528645836 134.37781168619793 470.9211030324301
421200.0 -3.9902669270833107 35.85236485799154 0.0 0.0 44.332374064127606 272.49737955729165 137.75545857747395 490.4375770568847
422100.0 -4.227366129557269 37.47365163167318 0.0 0.0 42.79643096923828 275.2136962890625 138.3387929280599 493.82257181803385
423000.0 -4.514882405598936 38.7451789855957 0.0 0.0 40.674537913004556 277.3988423665365 138.59388529459636 495.4124445597331
423900.0 -4.829187011718727 39.97700729370117 0.0 0.0 40.17123107910156 279.5703633626302 139.3343516031901 499.052953338623
424800.0 -5.170330810546853 58.1831787109375 0.0 14.294023323059083 62.83510767618815 303.4722473144531 152.08000793457032 590.8645649592081
425700.0 -5.601102701822894 66.6352902730306 0.0 27.708114624023438 73.2552495320638 316.53687947591146 159.0783701578776 643.213904062907
426600.0 -6.0738972981770605 74.59791310628255 0.0 36.69358393351237 83.0440185546875 329.5744201660156 165.6507100423177 689.5606458028158
427500.0 -6.506823730468727 81.07532246907552 0.0 44.17698287963867 90.99145202636718 340.3589375813802 171.18831380208334 727.791008758545
428400.0 -6.8310587565103935 97.51969095865886 0.0 66.74528630574544 114.69544169108073 362.8952351888021 183.76682942708334 825.6224835713704
429300.0 -7.049877929687478 104.0113535563151 5.1330206553141275 77.85839589436848 125.20169576009114 373.69578857421874 190.2355733235677 876.1358277638753
430200.0 -7.175496419270811 109.38671264648437 9.090028508504231 87.25070393880209 134.48104705810547 383.5512390136719 195.93582051595052 919.6955516815185
431100.0 -7.212058512369769 113.64908142089844 12.942519378662109 93.95914611816406 141.07718404134116 390.90602416992186 200.29320373535157 952.8271588643391
432000.0 -7.161110432942686 117.93452453613281 16.434971364339194 100.81539611816406 147.59288635253907 398.75323486328125 204.71990865071615 986.2509218851726
432900.0 -7.032104492187477 122.98663838704427 20.37539431254069 108.15343068440755 154.50178120930988 404.92205607096355 209.01687825520833 1019.9561789194743
433800.0 -6.873913574218728 128.3111562093099 24.184917704264322 115.13997751871744 161.1205800374349 410.69032185872396 213.16112060546874 1052.6080739339193
434700.0 -6.743410237630186 132.59471537272137 27.08567492167155 120.33668874104818 165.83318583170572 414.95384521484374 216.42620340983072 1077.2303134918213
435600.0 -6.6922342936197685 140.5246836344401 31.823376846313476 130.45357157389324 175.91800231933593 423.5316223144531 222.04240824381512 1124.293664932251
436500.0 -6.715614827473936 145.99962463378907 35.09985275268555 136.9080352783203 182.79756571451824 429.35877482096356 226.08738606770834 1156.251239267985
437400.0 -6.753839111328102 151.94051920572917 38.59765650431315 143.81961771647136 190.45577290852864 435.44042154947914 230.27210083007813 1190.5260887145996
438300.0 -6.742454020182269 156.7574025472005 41.51180572509766 148.9356201171875 196.46282246907552 440.1460001627604 233.56287129720053 1217.3765223185221
439200.0 -6.637536621093727 162.30045572916666 44.87174682617187 155.6812978108724 203.9230224609375 444.97528686523435 237.1537892659505 1248.9055989583333
440100.0 -6.490338134765603 166.04073893229167 47.37268295288086 160.36319274902343 208.9073974609375 447.6212137858073 239.54525960286458 1269.8504854838052
441000.0 -6.332460530598936 170.12001342773436 50.271427663167316 165.8337890625 214.59481201171874 450.2403951009115 241.98903096516926 1293.049468231201
441900.0 -6.177610270182269 173.2380635579427 52.67141825358073 169.99879659016926 218.81103515625 452.00139770507815 243.83014119466145 1310.5508524576821
442800.0 -6.037524414062477 177.47796020507812 55.754607899983725 175.95865885416666 224.8010681152344 454.8210774739583 246.30189208984376 1335.115264638265
443700.0 -5.910644531249977 180.54202270507812 58.178513844807945 180.2300811767578 228.99412638346354 456.6083129882812 248.08773803710938 1352.6407951354981
444600.0 -5.789581298828102 183.9627431233724 60.90422897338867 185.29389241536458 233.89995320638022 458.4941711425781 249.98892211914062 1372.5439109802246
445500.0 -5.6674540201822685 186.56646118164062 63.10894622802734 189.15478922526043 237.54832967122397 459.74449869791664 251.4021453857422 1387.5251703898111
446400.0 -5.506933593749977 191.46014709472655 66.16349487304687 195.46488342285156 243.72434794108074 464.50453898111977 254.37208760579426 1415.6894999186197
447300.0 -5.2063435872395605 197.88492940266926 70.17871856689453 205.7490712483724 254.59383748372395 472.652001953125 259.48992309570315 1460.5484817504885
448200.0 -4.836669921874977 205.6039794921875 75.32588094075521 219.86371053059895 269.6047871907552 482.53407389322916 266.0350850423177 1518.9675170898436
449100.0 -4.517716471354144 212.051416015625 79.54290466308593 231.33325602213543 281.7715657552083 490.46454264322915 271.18138834635414 1566.345073445638
450000.0 -4.468772379557269 218.3847666422526 83.84157918294271 240.649213663737 290.7123128255208 496.8567850748698 275.2862019856771 1605.730859375
450900.0 -5.048942057291644 218.63865559895834 83.77546539306641 238.370068359375 287.44435831705727 496.16541748046876 274.3391072591146 1598.7330724080405
451800.0 -5.9232930501301855 218.4025665283203 83.34435526529948 234.919536336263 282.6618937174479 494.15875651041665 272.4751668294271 1585.9622751871743
452700.0 -6.577197265624977 217.89107462565104 83.10634002685546 232.2967071533203 278.9779581705729 491.9288309733073 270.9024597167969 1575.103370666504
453600.0 -6.6259297688801855 210.60057169596354 79.38175964355469 221.7681427001953 267.5691630045573 482.60643107096354 265.5847473144531 1527.5108154296875
454500.0 -6.342112223307269 210.76880594889323 79.55760091145834 223.34693196614583 269.1301961263021 483.16095377604165 265.69765421549477 1531.662142944336
455400.0 -5.977213541666644 211.81849263509113 80.82694600423177 227.82451680501302 273.7609395345052 484.98504435221355 267.2185953776042 1546.4345347086592
456300.0 -5.685384114583311 212.7994852701823 81.58914235432943 230.5140167236328 276.43370157877604 486.1712666829427 267.8942606608073 1555.4018732706706
457200.0 -5.574098714192686 204.49686482747396 77.58588053385417 219.65986022949218 264.6112019856771 474.93663533528644 261.73753458658854 1503.0279774983724
458100.0 -5.541231282552061 186.13429565429686 74.70104522705078 211.49048360188803 255.2900838216146 427.6727030436198 242.54680277506512 1397.8354141235352
459000.0 -5.541634114583311 166.26240234375 72.04853973388671 203.46039225260418 245.8356709798177 378.2680725097656 221.67455139160157 1287.5496292114258
459900.0 -5.572792561848936 160.87834777832032 69.88939565022787 196.95890299479166 237.93837076822916 370.8089192708333 217.1023183186849 1253.576254781087
460800.0 -5.677579752604144 176.046728515625 76.00901743570964 211.1108164469401 251.0384521484375 396.3236409505208 227.92493082682293 1338.453586324056
461700.0 -5.991166178385394 183.93490295410157 76.88827107747396 213.29509582519532 252.81853129069012 415.74694010416664 234.95982360839844 1377.6435648600261
462600.0 -6.385028076171852 135.4429473876953 77.45654093424479 215.3532908121745 254.57319234212238 299.0623392740885 205.2416544596354 1187.1299652099608
463500.0 -6.656852213541644 71.9607332865397 77.64098358154297 216.3265828450521 254.998779296875 160.2861073811849 162.19164428710937 943.404830678304
464400.0 -6.557755533854144 5.3129344781239825 83.18728485107422 230.7094940185547 268.0256795247396 25.282355753580728 124.42752583821614 736.9452744642894
465300.0 -5.878562418619769 0.0 85.1194834391276 237.90055338541666 273.93470865885416 0.0 89.85901692708333 686.8137624104818
466200.0 -4.931249999999977 0.0 85.74018707275391 242.72352396647136 276.1916564941406 0.0 61.30286534627279 665.9582328796387
467100.0 -4.142370605468727 0.0 84.86493733723958 243.77757975260417 274.5339070638021 0.0 47.562520090738936 650.7389442443848
468000.0 -3.815423583984352 0.0 82.61256663004558 239.73455912272135 266.56846923828124 0.0 34.57959467569987 623.4951896667482
468900.0 -3.6776448567708107 0.0 79.3553237915039 232.60440165201823 255.759716796875 0.0 25.376283899943033 593.0957261403402
469800.0 -3.5630798339843524 0.0 73.58106231689453 219.7994140625 237.92147115071614 -82.39345957438151 22.93018519083659 554.2321327209472
470700.0 -3.411456298828102 0.0 67.09706675211588 205.31661987304688 219.4905039469401 -128.7465581258138 25.054296493530273 516.9584870656331
471600.0 -3.1774251302083107 -72.53863220214843 58.328477732340495 185.21483154296874 195.577983601888 -179.9409912109375 29.278918329874674 468.4002112070719
472500.0 -2.895001220703102 -135.80211181640624 49.80998992919922 165.68311462402343 173.74636942545573 -211.80386861165366 35.07248776753743 424.3119617462158
473400.0 -2.603015136718727 -205.1002644856771 40.038570658365884 142.63605346679688 149.37486165364584 -242.83382873535157 41.02113494873047 -447.93409322102866
474300.0 -2.330283610026019 -255.1300252278646 31.750342432657877 123.43663024902344 129.78031005859376 -275.67921549479166 43.08203048706055 -530.8092407226562
475200.0 -2.1029052734374774 -298.7304219563802 23.072982660929362 102.64304911295572 108.36604461669921 -316.87607421875 40.51420160929362 -615.6064961751301
476100.0 -1.9279663085937275 -332.32692464192706 15.490110460917155 84.81908365885417 90.47352142333985 -349.5688049316406 35.578695170084636 -681.8957295735677
477000.0 -1.8027221679687273 -344.0813273111979 6.071538178126017 65.38838144938151 71.19102020263672 -355.5509440104167 30.2762451171875 -699.6322713216146
477900.0 -1.7248189290364355 -334.4676228841146 1.2143926938374838 50.44590810139974 56.85756072998047 -340.56410725911456 25.83711395263672 -675.0317301432292
478800.0 -1.7144795735676857 -307.3839619954427 0.0 11.130070225397747 18.38757216135661 -304.6945515950521 21.953443145751955 -612.0785135904948
479700.0 -1.8366434733072692 -267.7162811279297 0.0 3.1378207842508954 12.75430081685384 -253.26209716796876 23.4756721496582 -520.9783782958984
480600.0 -2.0228637695312277 -255.85855814615886 0.0 0.7048000653584798 9.319829559326172 -228.50242614746094 26.88908182779948 -484.3609842936198
481500.0 -2.1676879882812274 -261.2906026204427 0.0 0.0 6.4435625076293945 -223.16058044433595 29.85678571065267 -484.45118306477866
482400.0 -2.1732869466145606 -282.3217305501302 0.0 0.0 0.34149386088053385 -237.44849548339843 28.812312189737955 -519.7702260335286
483300.0 -2.0349731445312274 -298.95468953450523 0.0 0.0 0.0 -248.20175170898438 26.425721867879233 -547.1564412434896
484200.0 -1.8482320149739357 -268.41594848632815 0.0 0.0 0.0 -208.45738118489584 23.586055119832356 -476.873329671224
485100.0 -1.7185160319010189 -214.65421244303386 0.0 0.0 0.0 -144.7821034749349 21.405658213297524 -359.4363159179687
486000.0 -1.7212504069010188 -156.40935262044272 0.0 0.0 0.0 -74.71275507609049 17.235539372762045 -231.1221076965332
486900.0 -1.7960815429687274 -97.500927734375 0.0 0.0 0.0 -14.52507807413737 15.646127573649089 -112.02600580851237
487800.0 -1.9180969238281025 -46.11328773498535 0.0 0.0 0.0 0.0 16.39819844563802 -46.11328773498535
488700.0 -2.0896504720051854 -10.766793314615885 0.0 0.0 0.0 0.0 18.614225514729817 18.614225514729817
489600.0 -2.312884521484352 -0.1326541821161906 0.0 0.0 0.0 0.0 19.340311813354493 19.340311813354493
490500.0 -2.5806233723958107 0.0 0.0 0.0 0.0 0.0 25.48514747619629 25.48514747619629
491400.0 -2.870005289713519 0.0 0.0 0.0 0.0 0.0 34.4046012878418 34.4046012878418
492300.0 -3.155895996093727 0.0 0.0 0.0 0.0 0.0 42.23499323527018 42.23499323527018
493200.0 -3.394366455078102 0.0 0.0 0.0 0.0 0.0 39.816148885091145 39.816148885091145
494100.0 -3.5196492513020607 0.0 0.0 0.0 0.0 0.0 37.996725209554036 37.996725209554036
495000.0 -3.6054890950520604 0.0 0.0 0.0 0.0 0.0 37.14330368041992 37.14330368041992
495900.0 -3.760874430338519 0.0 0.0 0.0 0.0 0.0 36.32469863891602 36.32469863891602
496800.0 -4.187493896484352 0.0 0.0 0.0 0.0 0.0 30.55732421875 30.55732421875
497700.0 -5.226324462890602 0.0 0.0 0.0 0.0 0.0 33.720679728190106 33.720679728190106
498600.0 -6.588287353515602 0.0 0.0 0.0 0.0 0.0 38.66020634969075 38.66020634969075
499500.0 -7.8193806966145605 0.0 0.0 0.0 0.0 0.0 42.60080795288086 42.60080795288086
500400.0 -8.60138956705727 0.0 0.0 0.0 0.0 0.0 49.774444580078125 49.774444580078125
501300.0 -9.223476155598936 0.0 0.0 0.0 0.0 7.981962712605794 60.66302591959636 68.64498863220216
502200.0 -9.80384318033852 0.0 0.0 0.0 0.0 54.5000368754069 75.2178212483724 129.7178581237793
503100.0 -10.335874430338519 0.0 0.0 0.0 0.0 93.08997141520182 88.01675211588541 181.10672353108723
504000.0 -10.819130452473935 0.0 0.0 0.0 0.0 133.80251770019532 101.62812042236328 235.4306381225586
504900.0 -11.270983886718728 0.0 0.0 0.0 0.0 152.58568318684897 106.7466049194336 259.3322881062826
505800.0 -11.682700602213519 0.0 0.0 0.0 0.0 171.12286885579428 111.03034159342448 282.15321044921876
506700.0 -12.036999511718728 0.0 0.0 0.0 0.0 187.9806131998698 115.84229024251302 303.8229034423828
507600.0 -12.29883829752602 0.0 0.0 0.0 0.0 214.4586385091146 125.36946004231771 339.8280985514323
508500.0 -12.397192382812477 0.0 0.0 0.0 0.0 237.8382781982422 134.53290710449218 372.3711853027344
509400.0 -12.364621988932269 0.0 0.0 0.0 0.0 263.04445190429686 144.54180196126302 407.5862538655599
510300.0 -12.262601725260394 0.0 0.0 0.0 0.0 283.25449829101564 153.31386108398436 436.568359375
511200.0 -12.116467285156228 0.0 0.0 0.0 0.0 312.38104248046875 169.46629638671874 481.8473388671875
512100.0 -11.824877929687478 0.0 0.0 0.0 0.0 326.2713602701823 177.1547403971354 503.4261006673177
513000.0 -11.397513834635394 0.0 0.0 0.0 0.0 338.5929890950521 183.8429728190104 522.4359619140625
513900.0 -10.887455240885394 0.0 0.0 0.0 0.0 347.8448425292969 188.8446818033854 536.6895243326824
514800.0 -10.188954671223936 0.0 0.0 0.0 34.89265124003092 365.8477335611979 199.85759480794272 600.5979796091716
515700.0 -8.81392415364581 0.0 0.0 0.0 47.37225392659505 369.44971923828126 203.55585327148438 620.3778264363607
516600.0 -7.086281331380186 0.0 0.0 0.0 60.06368357340495 369.4779093424479 205.5137705485026 635.0553634643554
517500.0 -5.5709981282551855 0.0 0.0 0.0 68.25556335449218 367.68097127278645 206.49395446777345 642.430489095052
518400.0 -4.967722574869769 0.0 0.0 0.0 79.85202077229818 380.22254638671876 212.50122782389323 672.5757949829102
519300.0 -5.896319580078102 18.494260342915855 0.0 0.0 88.4085683186849 393.3137634277344 218.7563232421875 718.9729153315226
520200.0 -7.534604899088519 31.051131693522134 0.0 0.0 97.38291676839192 406.29609375 224.55829467773438 759.2884368896484
521100.0 -8.739086914062478 42.68735224405925 0.0 5.274955940246582 103.84558766682943 414.68946736653646 228.37869262695312 794.8760558446248
522000.0 -8.439782714843727 58.27221145629883 0.0 26.37559191385905 120.89371948242187 423.7095499674479 234.91382954915363 864.1649023691814
522900.0 -6.562105305989561 69.1573496500651 0.0 46.28820521036784 139.1559814453125 428.6761881510417 240.5645538330078 923.842278289795
523800.0 -4.182122802734352 79.93072458902995 0.0 69.15511067708333 160.23422037760417 431.2898640950521 245.6880330403646 986.2979527791342
524700.0 -2.5012166341145607 85.93140207926432 0.0 85.36689758300781 173.68179423014323 429.0043579101563 247.76044311523438 1021.7448949178059
525600.0 -2.4015747070312274 96.71675415039063 0.0 99.72818908691406 184.4706563313802 436.3163228352865 251.9394287109375 1069.171351114909
526500.0 -3.156351725260394 106.63817749023437 1.1871801376342774 111.5991205851237 193.63773498535156 446.6505391438802 257.1875274658203 1116.9002798080444
527400.0 -4.103076171874977 117.84503072102865 10.613806533813477 125.40117543538412 204.3463907877604 459.4350850423177 263.2252258300781 1180.8667143503826
528300.0 -4.820406087239561 125.52208913167318 16.39933490753174 133.41035970052084 209.6957265218099 468.46234334309895 267.0222880045573 1220.512141609192
529200.0 -5.036122639973936 129.4718978881836 22.31512336730957 138.7662618001302 211.09527384440105 469.8155192057292 267.4603739420573 1238.924450047811
530100.0 -5.108215332031227 130.6855946858724 25.614982986450194 138.81493428548177 208.5556630452474 465.2365397135417 265.0809753417969 1233.9886900583904
531000.0 -5.137748209635394 132.0711456298828 28.845308685302733 139.50618693033854 206.86191101074218 459.024951171875 262.13245849609376 1228.441961924235
531900.0 -5.077913411458311 132.21465454101562 30.67677879333496 138.36260579427082 203.8165028889974 452.3760294596354 259.058925374349 1216.505496851603
532800.0 -4.888787841796852 136.84366251627605 34.18345959981283 142.00083618164064 206.1747599283854 451.61476033528646 258.5298624674479 1229.3473410288493
533700.0 -4.594301350911436 143.88681233723958 38.81882960001628 150.6900197347005 214.84715474446614 456.817832438151 261.44569498697916 1266.5063438415527
534600.0 -4.27178548177081 154.1169657389323 45.568686167399086 165.48597717285156 231.02413533528645 466.5441121419271 267.3391377766927 1330.0790143330892
535500.0 -4.001892089843727 162.16916097005208 51.03142267862956 177.80398661295573 244.09982198079427 474.0535196940104 272.0474385579427 1381.205350494385
536400.0 -3.86011555989581 160.70539042154948 51.05457102457682 174.94625752766927 240.26668904622395 467.1475402832031 268.2275695800781 1362.3480178833008
537300.0 -3.851792399088519 159.2288350423177 50.74124323527018 170.42938232421875 234.16826273600262 459.1953938802083 263.4337219238281 1337.1968391418459
538200.0 -3.90089925130206 157.5178649902344 50.40699284871419 165.6156962076823 227.45062662760418 449.86949869791664 258.1184112548828 1308.9790906270346
539100.0 -3.9225016276041433 156.27130228678385 50.55275014241536 162.60991516113282 222.9789133707682 443.01605834960935 254.4254180908203 1289.85435740153
540000.0 -3.8416931152343516 148.2853271484375 46.51307678222656 150.07122294108072 208.7264882405599 429.873817952474 246.5275421142578 1229.9974751790364
540900.0 -3.650219726562477 149.15042928059896 46.95642191569011 151.0079579671224 208.97034810384113 428.738437906901 245.125141398112 1229.9487365722657
541800.0 -3.367997233072894 151.68156941731772 48.771812693277994 155.7738067626953 213.34003601074218 429.70257975260415 245.4937001546224 1244.7635047912597
542700.0 -3.012089029947894 155.351025390625 51.05877838134766 162.5200164794922 220.15365193684895 432.8238464355469 247.03772379557293 1268.9450424194338
543600.0 -2.5020751953124774 161.42026977539064 56.03654429117839 175.60441182454426 233.0781504313151 436.415126546224 250.0473887125651 1312.6018915812176
544500.0 -1.5556905110676855 165.52410074869792 59.8760627746582 188.59999084472656 247.14210306803386 440.1969868977865 253.37808024088542 1354.7173245747886
545400.0 -0.45001627604164385 168.2380564371745 64.07761179606119 202.93912251790366 262.61517740885415 440.24350789388023 255.87401021321614 1393.98748626709
546300.0 0.38051757812502274 168.07812906901043 66.43833516438802 210.9199951171875 271.0303629557292 435.97759806315105 255.516704305013 1407.9611246744792
547200.0 0.6371805826823144 167.00983479817708 67.60428517659506 212.66546427408855 271.73028767903645 428.48667195638023 252.39290873209634 1399.8894526163738
548100.0 0.6477539062500227 162.90995178222656 66.28921763102214 207.28452758789064 264.92628173828126 418.46019490559894 246.98517761230468 1366.8553512573242
549000.0 0.6051961263021061 157.4927714029948 64.62768732706705 201.06842753092448 257.013335164388 405.45525919596355 240.2319803873698 1325.8894610087077
549900.0 0.5833068847656477 152.30540262858074 62.94860102335612 195.06495564778646 249.47425333658853 393.11560872395836 233.78874816894532 1286.6975695292156
550800.0 0.647816975911481 159.3018035888672 71.47960077921549 213.5917226155599 266.6765096028646 388.77988891601564 236.08660380045572 1335.9161293029786
551700.0 0.7892923990885644 154.0874013264974 71.19116719563802 210.2481719970703 261.88787638346355 373.6662902832031 230.22089029947918 1301.3017974853515
552600.0 0.935139973958356 147.5665018717448 70.16240793863932 205.8580535888672 255.7956787109375 356.6977132161458 223.07320760091145 1259.1535629272462
553500.0 1.008803304036481 142.10733947753906 69.30561014811198 202.32892150878905 250.8675537109375 343.2775349934896 217.19029337565104 1225.0772532145181
554400.0 0.9377522786458561 142.77638142903646 72.48751220703124 209.66955973307293 257.20298461914064 337.69287923177086 215.98895874023438 1235.8182759602867
555300.0 0.7147867838541894 145.3042226155599 75.81342061360677 220.04989827473958 267.9791727701823 338.3200236002604 217.88741353352864 1265.3541514078775
556200.0 0.41576944986981434 150.5330841064453 80.39855702718098 235.50408833821615 284.35975341796876 343.5637919108073 222.16927286783854 1316.5285476684571
557100.0 0.12651367187502272 155.53802998860678 84.31116587320963 248.98797403971355 298.7446309407552 349.42287190755206 226.23138732910155 1363.2360600789389
558000.0 -0.10370076497393553 155.69981892903647 85.62688344319662 253.64635314941407 302.954307047526 346.89012247721354 225.43589680989584 1370.2533818562827
558900.0 -0.3478474934895605 153.4264709472656 85.19294026692708 252.73963216145833 301.1697611490885 341.2050008138021 222.42236328124997 1356.1561686197917
559800.0 -0.5562255859374773 150.73671264648436 84.23562113444011 250.1270497639974 297.339013671875 334.89333089192706 218.64396057128906 1335.975688680013
560700.0 -0.633640543619769 148.98601481119792 83.5287078857422 248.32733357747395 294.63487955729164 330.73451538085936 215.89747111002603 1322.1089223225913
561600.0 -0.5300008138020605 147.51158345540364 83.53473663330078 248.781049601237 294.33966267903645 326.4314473470052 213.65938517252604 1314.2578648885092
562500.0 -0.3800008138020605 146.122944132487 83.51871846516927 249.47523701985676 294.59625040690105 322.8097371419271 211.82633260091146 1308.3492197672526
563400.0 -0.2299987792968522 145.0097890218099 83.4399648030599 249.9531697591146 294.54685262044273 319.689540608724 209.97735697428385 1302.6166737874348
564300.0 -0.08000081380206053 144.58049621582032 83.48475494384766 250.75176289876302 295.01084798177084 318.1241943359375 208.82326049804686 1300.7753168741863
565200.0 0.07000122070314771 142.5627410888672 72.8300567626953 225.13876953125 268.54925028483075 315.0277465820312 202.45542907714844 1226.563993326823
566100.0 0.21999918619793937 142.27257792154947 70.42202504475911 221.2370635986328 264.2105387369792 314.18714192708336 200.36480102539062 1212.6941482543943
567000.0 0.36999918619793937 142.72201436360677 69.08228352864583 219.02308756510416 261.6173543294271 315.1385965983073 198.8641153971354 1206.4474517822266
567900.0 0.5200012207031477 143.67850646972656 68.18606262207031 217.9618916829427 260.3509806315104 317.2946716308594 198.0158203125 1205.4879333496094
568800.0 0.6456420898437727 145.09362080891927 67.15520477294922 216.23753356933594 258.2900899251302 320.6324055989583 197.23465372721355 1204.6435084025063
569700.0 0.6642883300781477 145.60626627604168 65.78145955403646 213.15874125162762 254.7539042154948 322.66648966471354 195.94154154459636 1197.9084025065104
570600.0 0.6185607910156478 145.75169270833334 63.77743835449219 207.95130310058593 248.8145538330078 324.9388000488281 193.93810424804687 1185.1718922932941
571500.0 0.5881510416666894 144.19244689941405 61.693841044108076 202.25791015625 242.3462361653646 326.3903869628906 191.74386393229167 1168.624685160319
572400.0 0.6434814453125227 135.83035278320312 56.298248545328775 188.08057861328126 226.9769775390625 321.7769795735677 185.54926452636718 1114.5124015808105
573300.0 0.7794677734375227 129.9559763590495 52.40384190877278 177.01272786458333 214.47379557291666 317.8907735188802 180.4168253580729 1072.1539405822755
574200.0 0.9388834635416894 123.74127655029297 48.432264455159505 165.31574401855468 201.21649678548178 312.4698872884115 175.5863047281901 1026.7619738260905
575100.0 1.0631490071614809 118.94265950520834 45.381857554117836 156.43854878743488 191.16381429036457 308.2261271158854 172.26016438802083 992.4131716410319
576000.0 1.1084289550781474 109.44228719075521 40.16780090332031 142.4452667236328 176.72216186523437 299.2515340169271 166.6445739746094 934.6736246744792
576900.0 1.1038391113281478 107.78975423177083 38.4150644938151 139.2713846842448 174.71238810221354 300.8966125488281 166.45926208496093 927.5444661458334
577800.0 1.0726867675781477 108.3326182047526 37.58340199788412 139.0420684814453 175.69866333007812 305.8517211914062 168.01648356119793 934.5249567667643
578700.0 1.026686604817731 109.43349965413411 37.00666478474935 139.65385030110676 177.3008565266927 310.83836873372394 169.70240478515626 943.9356447855632
579600.0 0.9759867350260644 98.45695495605469 28.965736643473306 120.80601247151692 159.03700052897136 298.0982686360677 161.45599568684895 866.819968922933
580500.0 0.9156636555989811 93.8588877360026 23.684689966837563 110.3596669514974 148.2762186686198 292.1903483072917 156.47435099283854 824.8441626230876
581400.0 0.827846272786481 88.72026112874349 18.66088523864746 99.50775349934896 138.11606038411458 287.5074055989583 152.15778503417968 784.6701508839925
582300.0 0.6937744140625227 84.87140045166015 14.93412806193034 91.8962168375651 131.59181467692056 284.7576029459635 149.28624877929687 757.3374117533366
583200.0 0.47376912434898105 71.77979787190755 3.839557154973348 69.54304326375326 110.6584981282552 276.00172526041666 141.4571543375651 673.279776016871
584100.0 0.09679361979168939 75.63592936197917 4.878246815999349 76.52810414632161 120.12604420979818 286.7750528971354 146.32945861816407 710.2728360493978
585000.0 -0.36568400065101886 81.94760131835938 6.693126201629639 87.62104034423828 134.38751729329428 302.0425130208333 153.95059102376302 766.642389202118
585900.0 -0.8049214680989356 86.97136535644532 7.9286273638407385 96.27638193766276 145.49183654785156 314.3155965169271 159.98853963216146 810.972347354889
586800.0 -1.1456970214843523 88.37535858154297 6.379324944814046 95.92875061035156 145.6696563720703 320.9853088378906 161.7956319173177 819.1340312639873
587700.0 -1.451621500651019 85.24849650065104 3.051131598154704 86.87200317382812 135.85965270996093 318.1687072753906 158.78539021809897 787.9853814760844
588600.0 -1.7230428059895606 79.54917500813802 0.055072538057963055 72.34900410970052 120.23632354736328 311.6842895507813 153.38237711588542 737.2562418699265
589500.0 -1.9262207031249774 74.30880737304688 0.0 59.26681060791016 106.11217498779297 305.3830057779948 148.41116027832032 693.4819590250652
590400.0 -2.042905680338519 78.69010518391927 0.0 62.23313522338867 108.29768625895183 311.31264241536456 150.83704935709636 711.3706184387207
591300.0 -2.1187398274739357 78.03135986328125 0.0 58.806399790445965 104.39186350504558 311.0803161621094 150.3378896077474 702.6478289286297
592200.0 -2.169571940104144 77.20679423014323 0.0 55.69539082845052 101.16884155273438 311.0610371907552 149.98562316894532 695.1176869710287
593100.0 -2.195408121744769 77.2760716756185 0.0 54.8877670288086 100.53350677490235 312.257041422526 150.5827667236328 695.5371536254884
594000.0 -2.1999877929687277 81.15417022705078 0.0 60.228737131754556 106.35873514811198 319.43419392903644 154.4596201578776 721.6354565938313
594900.0 -2.1999877929687277 85.59271341959635 0.0 67.86824035644531 114.977880859375 327.4373779296875 159.30071411132812 755.1769266764323
595800.0 -2.1999877929687277 90.97367655436197 0.0 77.64863993326823 126.15406748453776 337.19720865885415 165.2460154215495 797.2196080525716
596700.0 -2.1999877929687277 96.55488586425781 1.1047967324654262 88.35714670817057 138.37303365071614 347.118251546224 171.44854532877605 842.95665983061
597600.0 -2.1999877929687277 116.74307912190756 13.673003927866619 120.71067810058594 171.7190673828125 375.18857625325523 188.14427083333334 986.1786756197612
598500.0 -2.1999877929687277 128.81914672851562 21.645642725626626 144.01640828450522 198.35687662760418 395.29979451497394 201.10434061686198 1089.2422094980875
599400.0 -2.1999877929687277 141.00344848632812 29.963124974568686 168.58121744791666 225.9972686767578 415.9127705891927 214.3321075439453 1195.7899377187093
600300.0 -2.1999877929687277 150.36378275553386 36.380052439371745 187.48507181803384 247.27007242838542 431.67677612304686 224.55407206217447 1277.7298276265462
601200.0 -2.2297505696614355 164.04156697591145 45.471239471435545 209.44622192382812 270.0331573486328 451.0356770833333 236.11112162272136 1376.1389844258626
602100.0 -2.385331217447894 161.09498392740886 44.48685963948568 201.03994649251302 259.1586059570312 446.29828491210935 233.17449747721355 1345.253178405762
603000.0 -2.6009175618489357 154.24358520507812 40.51446380615234 183.1007558186849 237.9120096842448 434.29945271809896 225.5409159342448 1275.611183166504
603900.0 -2.763999430338519 147.91554056803386 36.77863489786784 166.54637959798177 218.46273905436198 422.89003702799477 218.47592061360677 1211.069251759847
604800.0 -2.7999938964843523 145.38719177246094 35.25660705566406 160.19622802734375 211.0890655517578 418.431884765625 215.71652221679688 1186.0774993896484
